l0 density,l1 density,min,max,image
0.23309326171875,2.07470703125,-162,2,batch_00113_protodune-orig-1-1-W.npz
0.6953125,0.6953125,0,1,batch_00736_protodune-orig-9-3-W.npz
0.0130615234375,0.0130615234375,0,1,batch_00334_protodune-orig-9-1-W.npz
0.03399658203125,0.03399658203125,0,1,batch_00797_protodune-orig-3-1-W.npz
0.00762939453125,0.00762939453125,0,1,batch_00194_protodune-orig-0-3-W.npz
0.06378173828125,1.56329345703125,-170,1,batch_00117_protodune-orig-3-2-W.npz
0.0885009765625,1.507080078125,-91,14,batch_00409_protodune-orig-3-2-W.npz
0.12457275390625,0.12457275390625,0,1,batch_00929_protodune-orig-3-2-W.npz
0.129150390625,3.0087890625,-551,2,batch_00779_protodune-orig-3-2-W.npz
0.0235595703125,0.0235595703125,0,1,batch_00466_protodune-orig-5-5-W.npz
0.078125,0.140625,0,2,batch_00341_protodune-orig-6-2-W.npz
0.0782470703125,2.61724853515625,-107,0,batch_00781_protodune-orig-1-0-W.npz
0.37335205078125,7.14990234375,-136,0,batch_00413_protodune-orig-8-2-W.npz
0.01123046875,0.01123046875,0,1,batch_00344_protodune-orig-2-5-W.npz
0.015625,0.13568115234375,0,17,batch_00690_protodune-orig-2-4-W.npz
0.6522216796875,0.66632080078125,0,2,batch_00274_protodune-orig-5-3-W.npz
0.9864501953125,0.9864501953125,0,1,batch_00705_protodune-orig-4-3-W.npz
0.0469970703125,0.91778564453125,-220,7,batch_00227_protodune-orig-5-2-W.npz
0.1151123046875,1.69598388671875,-123,0,batch_00574_protodune-orig-3-2-W.npz
0.0654296875,1.59576416015625,-141,0,batch_00129_protodune-orig-1-4-W.npz
0.045654296875,0.045654296875,0,1,batch_00388_protodune-orig-6-1-W.npz
0.236328125,2.20513916015625,-134,3,batch_00121_protodune-orig-3-5-W.npz
0.1256103515625,0.1256103515625,0,1,batch_00530_protodune-orig-1-3-W.npz
0.19976806640625,0.19976806640625,0,1,batch_00681_protodune-orig-6-3-W.npz
0.60760498046875,2.001220703125,-130,2,batch_00821_protodune-orig-7-1-W.npz
0.406005859375,1.6573486328125,-142,2,batch_00795_protodune-orig-4-0-W.npz
0.64813232421875,1.875,-109,2,batch_00764_protodune-orig-3-1-W.npz
0.04876708984375,1.46343994140625,-91,0,batch_00944_protodune-orig-8-0-W.npz
0.06243896484375,0.89739990234375,-122,0,batch_00423_protodune-orig-2-4-W.npz
0.32232666015625,4.9263916015625,-115,7,batch_00460_protodune-orig-8-2-W.npz
0.15325927734375,0.154541015625,-3,0,batch_00072_protodune-orig-4-3-W.npz
0.21142578125,2.6788330078125,-92,0,batch_00080_protodune-orig-1-0-W.npz
0.0260009765625,0.42181396484375,-101,0,batch_00781_protodune-orig-4-5-W.npz
0.069091796875,1.748291015625,-154,0,batch_00504_protodune-orig-3-4-W.npz
0.13623046875,2.8885498046875,-350,1,batch_00037_protodune-orig-0-0-W.npz
0.6319580078125,1.77685546875,-104,1,batch_00673_protodune-orig-3-3-W.npz
0.2578125,0.50885009765625,0,2,batch_00419_protodune-orig-1-4-W.npz
0.06683349609375,1.4366455078125,-104,0,batch_00898_protodune-orig-2-5-W.npz
0.086669921875,2.28350830078125,-301,2,batch_00116_protodune-orig-7-3-W.npz
0.87445068359375,0.87445068359375,0,1,batch_00147_protodune-orig-6-5-W.npz
0.07159423828125,2.19525146484375,-90,0,batch_00976_protodune-orig-2-1-W.npz
0.09014892578125,2.007080078125,-152,0,batch_00299_protodune-orig-8-3-W.npz
0.0350341796875,0.081298828125,-80,0,batch_00234_protodune-orig-8-2-W.npz
0.4375,0.4375,0,1,batch_00602_protodune-orig-8-5-W.npz
0.04388427734375,1.40814208984375,-99,0,batch_00035_protodune-orig-3-3-W.npz
0.097900390625,2.08221435546875,-147,0,batch_00712_protodune-orig-3-1-W.npz
0.21875,0.21875,0,1,batch_00775_protodune-orig-8-4-W.npz
0.70367431640625,1.9547119140625,-113,3,batch_00775_protodune-orig-8-5-W.npz
0.1099853515625,1.90576171875,-89,0,batch_00257_protodune-orig-6-2-W.npz
0.3907470703125,1.36962890625,-97,2,batch_00677_protodune-orig-1-1-W.npz
0.31951904296875,1.74481201171875,-104,5,batch_00806_protodune-orig-3-1-W.npz
0.0830078125,1.62225341796875,-95,0,batch_00610_protodune-orig-3-0-W.npz
0.12884521484375,1.43060302734375,-123,4,batch_00396_protodune-orig-2-5-W.npz
0.99542236328125,2.82440185546875,-222,1,batch_00899_protodune-orig-7-0-W.npz
0.14727783203125,2.395263671875,-286,12,batch_00156_protodune-orig-5-0-W.npz
0.0648193359375,1.303955078125,-94,0,batch_00781_protodune-orig-9-5-W.npz
0.22271728515625,4.93994140625,-476,6,batch_00080_protodune-orig-6-1-W.npz
0.17437744140625,0.80755615234375,-136,1,batch_00795_protodune-orig-0-3-W.npz
0.0234375,0.0234375,0,1,batch_00525_protodune-orig-3-2-W.npz
0.1561279296875,3.09375,-86,0,batch_00804_protodune-orig-8-3-W.npz
0.03265380859375,0.8004150390625,-94,0,batch_00363_protodune-orig-9-3-W.npz
0.0787353515625,2.2454833984375,-151,0,batch_00747_protodune-orig-5-2-W.npz
0.253173828125,0.253173828125,0,1,batch_00248_protodune-orig-4-3-W.npz
0.036376953125,0.036376953125,0,1,batch_00644_protodune-orig-4-3-W.npz
0.015625,0.015625,0,1,batch_00386_protodune-orig-5-5-W.npz
0.01153564453125,0.42791748046875,-109,0,batch_00399_protodune-orig-7-4-W.npz
0.1015625,0.2816162109375,0,4,batch_00600_protodune-orig-0-5-W.npz
0.0299072265625,0.81365966796875,-98,0,batch_00873_protodune-orig-0-1-W.npz
0.1376953125,3.46563720703125,-194,0,batch_00724_protodune-orig-1-5-W.npz
0.757568359375,0.82232666015625,0,2,batch_00512_protodune-orig-7-2-W.npz
0.45355224609375,1.77105712890625,-104,3,batch_00957_protodune-orig-9-2-W.npz
0.42425537109375,0.425537109375,0,2,batch_00653_protodune-orig-4-2-W.npz
0.414306640625,0.414306640625,0,1,batch_00705_protodune-orig-7-4-W.npz
0.09393310546875,0.09393310546875,0,1,batch_00809_protodune-orig-4-4-W.npz
0.0692138671875,1.8758544921875,-138,17,batch_00832_protodune-orig-8-5-W.npz
0.59820556640625,0.59820556640625,0,1,batch_00469_protodune-orig-7-2-W.npz
0.186279296875,3.73370361328125,-142,0,batch_00940_protodune-orig-6-2-W.npz
0.203125,0.203125,0,1,batch_00139_protodune-orig-7-3-W.npz
0.06109619140625,1.48004150390625,-144,1,batch_00923_protodune-orig-2-4-W.npz
0.0582275390625,1.33465576171875,-86,0,batch_00921_protodune-orig-5-1-W.npz
0.0335693359375,0.0335693359375,0,1,batch_00946_protodune-orig-0-4-W.npz
0.98974609375,2.71441650390625,-106,1,batch_00177_protodune-orig-8-3-W.npz
0.11749267578125,1.59820556640625,-94,13,batch_00677_protodune-orig-6-3-W.npz
0.0323486328125,0.0445556640625,-43,0,batch_00404_protodune-orig-7-4-W.npz
0.07720947265625,1.38946533203125,-155,0,batch_00363_protodune-orig-3-2-W.npz
0.29248046875,1.6455078125,-115,0,batch_00355_protodune-orig-9-5-W.npz
0.04888916015625,1.44024658203125,-180,1,batch_00247_protodune-orig-7-5-W.npz
0.5904541015625,0.92462158203125,-105,1,batch_00025_protodune-orig-5-2-W.npz
0.01409912109375,0.34033203125,-88,0,batch_00077_protodune-orig-0-4-W.npz
0.04022216796875,1.39202880859375,-168,11,batch_00486_protodune-orig-9-3-W.npz
0.55364990234375,0.55364990234375,0,1,batch_00580_protodune-orig-0-5-W.npz
0.06170654296875,1.50982666015625,-152,1,batch_00319_protodune-orig-1-0-W.npz
0.15057373046875,3.30035400390625,-159,0,batch_00199_protodune-orig-9-5-W.npz
0.0078125,0.0078125,0,1,batch_00989_protodune-orig-8-4-W.npz
0.052490234375,1.3731689453125,-301,14,batch_00379_protodune-orig-5-5-W.npz
0.01397705078125,0.07940673828125,-187,15,batch_00355_protodune-orig-4-1-W.npz
0.12579345703125,1.81768798828125,-205,6,batch_00029_protodune-orig-8-2-W.npz
0.03912353515625,1.21112060546875,-135,0,batch_00598_protodune-orig-3-1-W.npz
0.0384521484375,1.51312255859375,-285,21,batch_00183_protodune-orig-1-2-W.npz
0.11346435546875,2.3543701171875,-126,0,batch_00188_protodune-orig-5-1-W.npz
0.4451904296875,0.57452392578125,0,2,batch_00571_protodune-orig-5-4-W.npz
0.34112548828125,1.64453125,-160,3,batch_00258_protodune-orig-8-2-W.npz
0.07513427734375,1.77734375,-165,0,batch_00133_protodune-orig-7-2-W.npz
0.0791015625,1.5921630859375,-110,0,batch_00605_protodune-orig-7-0-W.npz
0.05621337890625,1.19091796875,-93,0,batch_00740_protodune-orig-3-2-W.npz
0.16632080078125,0.16632080078125,0,1,batch_00434_protodune-orig-9-0-W.npz
0.12237548828125,3.13116455078125,-180,1,batch_00440_protodune-orig-1-5-W.npz
0.02154541015625,0.60479736328125,-86,0,batch_00416_protodune-orig-2-0-W.npz
0.54144287109375,1.9095458984375,-158,2,batch_00209_protodune-orig-8-0-W.npz
0.04779052734375,0.08782958984375,-73,0,batch_00582_protodune-orig-0-3-W.npz
0.3006591796875,8.85650634765625,-136,0,batch_00729_protodune-orig-4-5-W.npz
0.566650390625,2.2906494140625,-166,1,batch_00545_protodune-orig-3-1-W.npz
0.06597900390625,1.72113037109375,-217,14,batch_00373_protodune-orig-6-1-W.npz
0.2467041015625,1.8023681640625,-130,5,batch_00528_protodune-orig-9-4-W.npz
0.1358642578125,2.14794921875,-165,1,batch_00764_protodune-orig-4-3-W.npz
0.0234375,2.02325439453125,-196,0,batch_00580_protodune-orig-0-0-W.npz
0.02154541015625,0.84326171875,-108,0,batch_00196_protodune-orig-4-2-W.npz
0.50274658203125,1.67010498046875,-122,2,batch_00551_protodune-orig-4-4-W.npz
0.39385986328125,3.8045654296875,-277,1,batch_00420_protodune-orig-2-1-W.npz
0.34521484375,0.34521484375,0,1,batch_00495_protodune-orig-5-1-W.npz
0.11236572265625,2.261474609375,-106,0,batch_00053_protodune-orig-7-0-W.npz
0.02801513671875,0.8858642578125,-118,0,batch_00998_protodune-orig-1-4-W.npz
0.0858154296875,1.16571044921875,-263,1,batch_00269_protodune-orig-7-0-W.npz
0.0267333984375,0.83203125,-88,0,batch_00632_protodune-orig-0-3-W.npz
0.31695556640625,6.131591796875,-90,1,batch_00572_protodune-orig-7-4-W.npz
0.1424560546875,3.04547119140625,-140,0,batch_00733_protodune-orig-9-3-W.npz
0.0234375,0.0546875,0,3,batch_00764_protodune-orig-6-3-W.npz
0.51763916015625,4.9041748046875,-91,4,batch_00156_protodune-orig-8-5-W.npz
0.07586669921875,1.75201416015625,-149,0,batch_00483_protodune-orig-2-3-W.npz
0.249267578125,4.358642578125,-255,1,batch_00378_protodune-orig-3-0-W.npz
0.037841796875,0.9981689453125,-93,0,batch_00823_protodune-orig-8-3-W.npz
0.0501708984375,1.403076171875,-152,0,batch_00919_protodune-orig-9-1-W.npz
0.25390625,2.4124755859375,-128,10,batch_00336_protodune-orig-0-2-W.npz
0.0546875,0.0577392578125,0,2,batch_00055_protodune-orig-1-3-W.npz
0.042236328125,1.32666015625,-94,0,batch_00009_protodune-orig-0-3-W.npz
0.18682861328125,1.927734375,-179,1,batch_00111_protodune-orig-1-3-W.npz
0.0234375,0.0234375,0,1,batch_00496_protodune-orig-7-1-W.npz
0.23028564453125,4.325927734375,-138,0,batch_00882_protodune-orig-0-5-W.npz
0.078125,0.078125,0,1,batch_00516_protodune-orig-5-4-W.npz
0.45794677734375,2.53656005859375,-151,2,batch_00657_protodune-orig-6-1-W.npz
0.02850341796875,0.03900146484375,-32,0,batch_00876_protodune-orig-0-4-W.npz
0.0638427734375,1.8236083984375,-166,9,batch_00657_protodune-orig-5-0-W.npz
0.99261474609375,1.1903076171875,-109,1,batch_00629_protodune-orig-7-5-W.npz
0.394775390625,0.48126220703125,0,2,batch_00265_protodune-orig-5-3-W.npz
0.328125,0.328125,0,1,batch_00640_protodune-orig-3-0-W.npz
0.06231689453125,1.41705322265625,-175,12,batch_00435_protodune-orig-0-2-W.npz
0.109375,1.5181884765625,-148,3,batch_00432_protodune-orig-1-3-W.npz
0.0621337890625,1.52252197265625,-165,1,batch_00237_protodune-orig-5-0-W.npz
0.08282470703125,2.60595703125,-111,0,batch_00929_protodune-orig-1-5-W.npz
0.143310546875,3.1864013671875,-158,0,batch_00772_protodune-orig-4-4-W.npz
0.2999267578125,2.2828369140625,-167,2,batch_00369_protodune-orig-6-3-W.npz
0.06231689453125,1.94329833984375,-147,0,batch_00340_protodune-orig-6-4-W.npz
0.09808349609375,1.99298095703125,-121,0,batch_00843_protodune-orig-2-5-W.npz
0.00640869140625,0.21258544921875,-104,0,batch_00773_protodune-orig-4-5-W.npz
0.0322265625,0.94873046875,-105,0,batch_00735_protodune-orig-4-1-W.npz
0.08477783203125,1.60040283203125,-97,0,batch_00599_protodune-orig-3-5-W.npz
0.619140625,0.619140625,0,1,batch_00776_protodune-orig-7-1-W.npz
0.3359375,1.19927978515625,0,4,batch_00921_protodune-orig-4-2-W.npz
0.0557861328125,1.22662353515625,-138,1,batch_00910_protodune-orig-2-4-W.npz
0.10736083984375,2.955078125,-254,4,batch_00752_protodune-orig-9-4-W.npz
0.2249755859375,0.2249755859375,0,1,batch_00110_protodune-orig-5-3-W.npz
0.20928955078125,1.5450439453125,-175,7,batch_00898_protodune-orig-9-2-W.npz
0.291259765625,1.55120849609375,-147,2,batch_00609_protodune-orig-5-0-W.npz
0.5654296875,1.74481201171875,-108,1,batch_00784_protodune-orig-8-1-W.npz
0.2109375,0.2109375,0,1,batch_00291_protodune-orig-2-2-W.npz
0.27191162109375,0.27191162109375,0,1,batch_00382_protodune-orig-5-5-W.npz
0.23828125,0.23828125,0,1,batch_00202_protodune-orig-9-4-W.npz
0.09124755859375,1.76739501953125,-103,0,batch_00275_protodune-orig-0-4-W.npz
0.27374267578125,0.456298828125,0,3,batch_00946_protodune-orig-0-1-W.npz
0.0135498046875,0.41827392578125,-89,0,batch_00474_protodune-orig-4-4-W.npz
0.135498046875,0.135498046875,0,1,batch_00693_protodune-orig-1-2-W.npz
0.12042236328125,2.61663818359375,-136,0,batch_00720_protodune-orig-8-3-W.npz
0.597412109375,1.676513671875,-99,1,batch_00288_protodune-orig-8-3-W.npz
0.2733154296875,1.020263671875,-174,5,batch_00673_protodune-orig-0-4-W.npz
0.0577392578125,1.32098388671875,-99,0,batch_00321_protodune-orig-7-5-W.npz
0.06353759765625,1.43890380859375,-110,0,batch_00186_protodune-orig-2-3-W.npz
0.046875,0.1180419921875,0,3,batch_00276_protodune-orig-1-3-W.npz
0.0460205078125,0.6505126953125,-135,0,batch_00024_protodune-orig-6-1-W.npz
0.234375,0.234375,0,1,batch_00959_protodune-orig-6-4-W.npz
0.1363525390625,0.8040771484375,-186,7,batch_00457_protodune-orig-9-2-W.npz
0.221435546875,0.221435546875,0,1,batch_00658_protodune-orig-1-3-W.npz
0.12353515625,2.57879638671875,-105,0,batch_00218_protodune-orig-0-1-W.npz
0.0814208984375,1.8148193359375,-134,0,batch_00043_protodune-orig-1-3-W.npz
0.4468994140625,2.46405029296875,-219,3,batch_00228_protodune-orig-8-1-W.npz
0.570556640625,0.570556640625,0,1,batch_00995_protodune-orig-7-5-W.npz
0.33984375,8.1939697265625,-131,0,batch_00073_protodune-orig-6-5-W.npz
0.05108642578125,1.15673828125,-98,1,batch_00801_protodune-orig-5-5-W.npz
0.78924560546875,0.78924560546875,0,1,batch_00827_protodune-orig-9-0-W.npz
0.01092529296875,0.49139404296875,-172,1,batch_00999_protodune-orig-4-5-W.npz
0.234375,1.9273681640625,0,27,batch_00157_protodune-orig-9-3-W.npz
0.0223388671875,0.39691162109375,-99,0,batch_00114_protodune-orig-1-5-W.npz
0.0740966796875,1.82293701171875,-138,0,batch_00080_protodune-orig-3-1-W.npz
0.11395263671875,3.17120361328125,-93,2,batch_00007_protodune-orig-4-3-W.npz
0.5859375,0.5859375,0,1,batch_00398_protodune-orig-8-3-W.npz
0.344970703125,1.54144287109375,-132,1,batch_00985_protodune-orig-8-3-W.npz
0.2213134765625,3.11895751953125,-200,8,batch_00363_protodune-orig-6-2-W.npz
0.0809326171875,2.2828369140625,-93,0,batch_00681_protodune-orig-9-1-W.npz
0.06103515625,1.6195068359375,-178,1,batch_00954_protodune-orig-7-1-W.npz
0.1728515625,0.1728515625,0,1,batch_00947_protodune-orig-6-5-W.npz
0.09515380859375,2.58197021484375,-149,0,batch_00688_protodune-orig-0-1-W.npz
0.59759521484375,15.0096435546875,-396,1,batch_00764_protodune-orig-9-5-W.npz
0.12139892578125,2.60040283203125,-144,0,batch_00484_protodune-orig-3-4-W.npz
0.43682861328125,1.49200439453125,-106,1,batch_00839_protodune-orig-0-0-W.npz
0.0272216796875,0.14605712890625,-144,2,batch_00751_protodune-orig-5-2-W.npz
0.25,0.88507080078125,0,7,batch_00934_protodune-orig-7-1-W.npz
0.08349609375,1.251220703125,-106,0,batch_00891_protodune-orig-6-0-W.npz
0.45782470703125,2.6441650390625,-300,3,batch_00875_protodune-orig-9-0-W.npz
0.288330078125,1.3826904296875,-106,1,batch_00385_protodune-orig-5-4-W.npz
0.0546875,0.62347412109375,0,21,batch_00562_protodune-orig-0-5-W.npz
0.0455322265625,0.0455322265625,0,1,batch_00692_protodune-orig-2-4-W.npz
0.0777587890625,2.43511962890625,-260,4,batch_00894_protodune-orig-9-3-W.npz
0.512451171875,1.81005859375,-157,3,batch_00177_protodune-orig-2-1-W.npz
0.1322021484375,0.1322021484375,0,1,batch_00805_protodune-orig-5-1-W.npz
0.53143310546875,0.76904296875,-114,2,batch_00918_protodune-orig-0-3-W.npz
0.138671875,2.86627197265625,-122,0,batch_00146_protodune-orig-9-4-W.npz
0.140625,0.14471435546875,0,2,batch_00497_protodune-orig-2-2-W.npz
0.0250244140625,0.0250244140625,0,1,batch_00542_protodune-orig-6-1-W.npz
0.0390625,0.0390625,0,1,batch_00720_protodune-orig-6-4-W.npz
0.99957275390625,1.12152099609375,-149,1,batch_00248_protodune-orig-1-3-W.npz
0.09039306640625,0.94952392578125,-111,1,batch_00607_protodune-orig-2-1-W.npz
0.17657470703125,3.14935302734375,-105,0,batch_00349_protodune-orig-3-3-W.npz
0.0968017578125,2.20184326171875,-174,0,batch_00678_protodune-orig-7-1-W.npz
0.282470703125,1.589599609375,-147,2,batch_00484_protodune-orig-2-2-W.npz
0.078125,0.46728515625,0,12,batch_00342_protodune-orig-0-0-W.npz
0.43365478515625,1.95526123046875,-162,2,batch_00704_protodune-orig-3-4-W.npz
0.71612548828125,3.76953125,-293,2,batch_00586_protodune-orig-9-4-W.npz
0.0238037109375,0.4483642578125,-192,10,batch_00664_protodune-orig-7-2-W.npz
0.0650634765625,1.3245849609375,-230,8,batch_00944_protodune-orig-8-5-W.npz
0.0859375,1.9613037109375,-117,0,batch_00960_protodune-orig-7-4-W.npz
0.0169677734375,0.23785400390625,-194,14,batch_00354_protodune-orig-1-0-W.npz
0.21173095703125,7.046142578125,-142,0,batch_00620_protodune-orig-2-4-W.npz
0.29486083984375,1.5875244140625,-118,1,batch_00884_protodune-orig-8-3-W.npz
0.03802490234375,1.1495361328125,-103,0,batch_00122_protodune-orig-7-5-W.npz
0.0234375,0.03057861328125,0,2,batch_00663_protodune-orig-0-0-W.npz
0.11810302734375,0.11810302734375,0,1,batch_01000_protodune-orig-9-1-W.npz
0.08587646484375,1.85015869140625,-137,0,batch_00543_protodune-orig-5-4-W.npz
0.37005615234375,0.37005615234375,0,1,batch_00392_protodune-orig-6-3-W.npz
0.1171875,0.1171875,0,1,batch_00654_protodune-orig-7-0-W.npz
0.0078125,0.0078125,0,1,batch_00382_protodune-orig-1-5-W.npz
0.3563232421875,6.72418212890625,-94,0,batch_00530_protodune-orig-0-3-W.npz
0.0738525390625,1.57000732421875,-120,0,batch_00284_protodune-orig-2-2-W.npz
0.3193359375,1.55133056640625,-135,1,batch_00873_protodune-orig-1-2-W.npz
0.26904296875,2.1048583984375,-156,3,batch_00895_protodune-orig-2-5-W.npz
0.07958984375,1.7149658203125,-131,0,batch_00235_protodune-orig-5-0-W.npz
0.752685546875,2.2144775390625,-184,1,batch_00118_protodune-orig-2-3-W.npz
0.27130126953125,0.27130126953125,0,1,batch_00903_protodune-orig-3-3-W.npz
0.13836669921875,3.1297607421875,-280,3,batch_00562_protodune-orig-4-1-W.npz
0.1217041015625,1.341552734375,-138,0,batch_00677_protodune-orig-0-1-W.npz
0.2557373046875,6.96826171875,-197,0,batch_00966_protodune-orig-1-1-W.npz
0.22821044921875,6.13958740234375,-214,0,batch_00527_protodune-orig-9-1-W.npz
0.427490234375,6.991455078125,-317,1,batch_00995_protodune-orig-0-5-W.npz
0.07464599609375,1.9559326171875,-144,0,batch_00767_protodune-orig-5-4-W.npz
0.44036865234375,3.60235595703125,-100,2,batch_00554_protodune-orig-4-0-W.npz
0.80059814453125,1.01483154296875,0,2,batch_00868_protodune-orig-6-0-W.npz
0.125244140625,3.033447265625,-187,0,batch_00766_protodune-orig-4-0-W.npz
0.066162109375,0.9931640625,-110,0,batch_00390_protodune-orig-9-5-W.npz
0.93450927734375,3.1849365234375,-188,2,batch_00703_protodune-orig-5-1-W.npz
0.1715087890625,0.1715087890625,0,1,batch_00924_protodune-orig-6-5-W.npz
0.20526123046875,3.64227294921875,-100,0,batch_00027_protodune-orig-1-5-W.npz
0.0987548828125,2.56048583984375,-163,0,batch_00428_protodune-orig-1-2-W.npz
0.03125,0.03125,0,1,batch_00380_protodune-orig-0-4-W.npz
0.058837890625,0.113525390625,0,2,batch_00170_protodune-orig-5-4-W.npz
0.082763671875,1.4739990234375,-168,9,batch_00363_protodune-orig-3-5-W.npz
0.0546875,0.1484375,0,3,batch_00361_protodune-orig-9-4-W.npz
0.47821044921875,3.64141845703125,-239,1,batch_00384_protodune-orig-0-4-W.npz
0.06658935546875,1.50018310546875,-128,0,batch_00762_protodune-orig-2-5-W.npz
0.133056640625,2.694580078125,-135,0,batch_00078_protodune-orig-6-5-W.npz
0.14398193359375,2.499267578125,-211,2,batch_00429_protodune-orig-7-4-W.npz
0.1875,0.403076171875,0,3,batch_00630_protodune-orig-2-4-W.npz
0.0703125,0.097900390625,0,2,batch_00329_protodune-orig-0-3-W.npz
0.07568359375,1.8631591796875,-152,0,batch_00728_protodune-orig-6-3-W.npz
0.0703125,0.0703125,0,1,batch_00142_protodune-orig-1-1-W.npz
0.04193115234375,0.68426513671875,-174,0,batch_00060_protodune-orig-3-2-W.npz
0.0078125,0.0078125,0,1,batch_00408_protodune-orig-6-2-W.npz
0.0069580078125,0.0069580078125,0,1,batch_00668_protodune-orig-3-4-W.npz
0.0589599609375,1.85638427734375,-98,0,batch_00474_protodune-orig-5-1-W.npz
0.0234375,3.55133056640625,0,310,batch_00936_protodune-orig-8-1-W.npz
0.14654541015625,6.29327392578125,-127,0,batch_00356_protodune-orig-7-1-W.npz
0.156005859375,4.1260986328125,-97,0,batch_00122_protodune-orig-5-1-W.npz
0.18536376953125,1.876953125,-208,3,batch_00683_protodune-orig-5-0-W.npz
0.171875,0.35089111328125,0,3,batch_00794_protodune-orig-7-0-W.npz
0.046875,0.27044677734375,0,7,batch_00753_protodune-orig-9-4-W.npz
0.6328125,0.6328125,0,1,batch_00656_protodune-orig-2-1-W.npz
0.112060546875,0.112060546875,0,1,batch_00862_protodune-orig-2-2-W.npz
0.05908203125,1.27349853515625,-103,1,batch_00841_protodune-orig-2-4-W.npz
0.47747802734375,0.47747802734375,0,1,batch_00959_protodune-orig-0-0-W.npz
0.0897216796875,3.09893798828125,-240,4,batch_00253_protodune-orig-1-4-W.npz
0.37054443359375,1.88873291015625,-152,1,batch_00142_protodune-orig-1-2-W.npz
0.1192626953125,1.548583984375,-162,7,batch_00816_protodune-orig-5-3-W.npz
0.006103515625,0.00616455078125,-2,0,batch_00817_protodune-orig-6-4-W.npz
0.0838623046875,1.783935546875,-131,0,batch_00648_protodune-orig-2-3-W.npz
0.09771728515625,1.37091064453125,-96,0,batch_00816_protodune-orig-9-4-W.npz
0.06591796875,1.42657470703125,-191,12,batch_00300_protodune-orig-2-5-W.npz
0.1644287109375,3.91143798828125,-261,12,batch_00625_protodune-orig-3-1-W.npz
0.06414794921875,1.52685546875,-130,0,batch_00895_protodune-orig-4-1-W.npz
0.0684814453125,1.62274169921875,-149,0,batch_00453_protodune-orig-6-2-W.npz
0.5364990234375,2.49835205078125,-161,1,batch_00568_protodune-orig-7-0-W.npz
0.988037109375,2.506103515625,-105,3,batch_00794_protodune-orig-3-5-W.npz
0.01495361328125,0.51214599609375,-138,1,batch_00706_protodune-orig-6-2-W.npz
0.4852294921875,0.7462158203125,0,3,batch_00733_protodune-orig-8-0-W.npz
0.20477294921875,4.10107421875,-132,0,batch_00131_protodune-orig-1-3-W.npz
0.28125,0.51861572265625,0,3,batch_00490_protodune-orig-5-2-W.npz
0.26995849609375,1.72344970703125,-161,4,batch_00755_protodune-orig-0-0-W.npz
0.006103515625,0.0179443359375,-26,0,batch_00447_protodune-orig-7-2-W.npz
0.25250244140625,2.0570068359375,-139,1,batch_00485_protodune-orig-2-4-W.npz
0.2568359375,2.13336181640625,-151,1,batch_00067_protodune-orig-9-3-W.npz
0.07379150390625,1.85980224609375,-191,1,batch_00638_protodune-orig-8-5-W.npz
0.0078125,0.0078125,0,1,batch_00673_protodune-orig-5-2-W.npz
0.12548828125,3.0247802734375,-157,0,batch_00491_protodune-orig-6-5-W.npz
0.5703125,0.5703125,0,1,batch_00902_protodune-orig-9-5-W.npz
0.0546875,0.09765625,0,2,batch_00137_protodune-orig-5-2-W.npz
0.0194091796875,0.80145263671875,-119,0,batch_00873_protodune-orig-3-5-W.npz
0.1162109375,1.99859619140625,-106,0,batch_00121_protodune-orig-8-3-W.npz
0.0830078125,1.4434814453125,-181,13,batch_00535_protodune-orig-9-0-W.npz
0.39044189453125,3.63909912109375,-324,1,batch_00783_protodune-orig-4-3-W.npz
0.052978515625,1.17431640625,-94,0,batch_00126_protodune-orig-9-1-W.npz
0.28985595703125,3.716552734375,-497,10,batch_00750_protodune-orig-1-0-W.npz
0.0595703125,1.53570556640625,-108,0,batch_00828_protodune-orig-2-4-W.npz
0.51959228515625,11.65191650390625,-205,1,batch_00379_protodune-orig-8-1-W.npz
0.1822509765625,4.3114013671875,-118,0,batch_00930_protodune-orig-1-0-W.npz
0.18267822265625,3.0185546875,-785,6,batch_00417_protodune-orig-6-1-W.npz
0.04229736328125,3.29852294921875,-381,30,batch_00891_protodune-orig-7-4-W.npz
0.11102294921875,2.30615234375,-136,0,batch_00745_protodune-orig-2-0-W.npz
0.11798095703125,2.9859619140625,-192,0,batch_00837_protodune-orig-1-0-W.npz
0.1070556640625,2.52984619140625,-145,0,batch_00353_protodune-orig-6-0-W.npz
0.0064697265625,0.0064697265625,0,1,batch_00624_protodune-orig-1-0-W.npz
0.1556396484375,2.752197265625,-83,0,batch_00271_protodune-orig-7-3-W.npz
0.0390625,0.10626220703125,0,3,batch_00490_protodune-orig-8-1-W.npz
0.1197509765625,2.75604248046875,-114,0,batch_00775_protodune-orig-9-1-W.npz
0.0997314453125,2.4969482421875,-153,0,batch_00818_protodune-orig-6-2-W.npz
0.4246826171875,1.6632080078125,-145,2,batch_00127_protodune-orig-4-3-W.npz
0.1781005859375,0.748779296875,-155,0,batch_00660_protodune-orig-0-0-W.npz
0.168701171875,0.168701171875,0,1,batch_00798_protodune-orig-9-0-W.npz
0.52362060546875,1.92901611328125,-123,3,batch_00988_protodune-orig-2-5-W.npz
0.1058349609375,3.6904296875,-111,0,batch_00207_protodune-orig-1-1-W.npz
0.24163818359375,2.44805908203125,-130,1,batch_00994_protodune-orig-3-4-W.npz
0.06256103515625,1.5797119140625,-127,0,batch_00353_protodune-orig-2-4-W.npz
0.7867431640625,4.52154541015625,-331,3,batch_00529_protodune-orig-7-0-W.npz
0.375,0.69097900390625,0,3,batch_00379_protodune-orig-9-5-W.npz
0.06317138671875,1.51177978515625,-113,0,batch_00009_protodune-orig-9-4-W.npz
0.07012939453125,1.20068359375,-121,0,batch_00916_protodune-orig-7-1-W.npz
0.229736328125,4.37103271484375,-121,0,batch_00129_protodune-orig-7-2-W.npz
0.11993408203125,3.71771240234375,-275,2,batch_00512_protodune-orig-2-3-W.npz
0.00738525390625,0.367919921875,-141,0,batch_00764_protodune-orig-4-0-W.npz
0.35302734375,2.03564453125,-176,4,batch_00972_protodune-orig-7-3-W.npz
0.09906005859375,2.45892333984375,-157,0,batch_00092_protodune-orig-8-3-W.npz
0.2196044921875,5.047607421875,-155,0,batch_00867_protodune-orig-5-1-W.npz
0.14215087890625,2.6939697265625,-119,0,batch_00687_protodune-orig-3-3-W.npz
1.0,1.294677734375,1,2,batch_00257_protodune-orig-4-3-W.npz
0.17572021484375,0.17572021484375,0,1,batch_00027_protodune-orig-8-1-W.npz
0.05621337890625,0.05621337890625,0,1,batch_00203_protodune-orig-4-2-W.npz
0.11859130859375,3.277587890625,-93,0,batch_00200_protodune-orig-3-2-W.npz
0.03570556640625,1.525634765625,-134,0,batch_00708_protodune-orig-9-5-W.npz
0.7109375,0.96063232421875,0,2,batch_00913_protodune-orig-0-0-W.npz
0.03424072265625,0.03424072265625,-1,0,batch_00152_protodune-orig-7-4-W.npz
0.4215087890625,1.244873046875,-139,2,batch_00021_protodune-orig-4-0-W.npz
0.0408935546875,2.6649169921875,-243,11,batch_00039_protodune-orig-7-0-W.npz
0.9273681640625,4.8465576171875,-157,4,batch_00156_protodune-orig-5-2-W.npz
0.51544189453125,2.26220703125,-147,2,batch_00789_protodune-orig-4-4-W.npz
0.14593505859375,4.2332763671875,-177,1,batch_00213_protodune-orig-6-1-W.npz
0.06298828125,1.69580078125,-130,1,batch_00088_protodune-orig-1-0-W.npz
0.01934814453125,0.01934814453125,0,1,batch_00219_protodune-orig-6-1-W.npz
0.1781005859375,3.8817138671875,-119,0,batch_00349_protodune-orig-6-5-W.npz
0.0245361328125,0.4522705078125,-196,11,batch_00699_protodune-orig-0-2-W.npz
0.08447265625,1.5333251953125,-113,0,batch_00924_protodune-orig-5-2-W.npz
0.0382080078125,0.9224853515625,-87,0,batch_00483_protodune-orig-6-4-W.npz
0.24127197265625,4.7110595703125,-139,0,batch_00793_protodune-orig-1-5-W.npz
0.1011962890625,1.98028564453125,-88,0,batch_00922_protodune-orig-3-5-W.npz
0.9921875,0.9921875,0,1,batch_00764_protodune-orig-0-3-W.npz
0.39154052734375,1.512451171875,-116,1,batch_00325_protodune-orig-4-4-W.npz
0.07012939453125,2.4383544921875,-111,0,batch_00284_protodune-orig-7-1-W.npz
0.03033447265625,0.786376953125,-140,2,batch_00182_protodune-orig-4-0-W.npz
0.35272216796875,8.60565185546875,-128,0,batch_00727_protodune-orig-6-4-W.npz
0.0234375,1.038818359375,-129,0,batch_00791_protodune-orig-0-1-W.npz
0.1787109375,1.7764892578125,-168,4,batch_00318_protodune-orig-9-5-W.npz
0.015625,0.015625,0,1,batch_00618_protodune-orig-8-4-W.npz
0.1539306640625,0.1539306640625,0,1,batch_00433_protodune-orig-4-5-W.npz
0.1656494140625,0.1656494140625,0,1,batch_00874_protodune-orig-7-5-W.npz
1.0,1.0,1,1,batch_00650_protodune-orig-9-3-W.npz
0.03631591796875,2.15643310546875,-265,18,batch_00335_protodune-orig-9-0-W.npz
0.921875,0.9537353515625,0,2,batch_00485_protodune-orig-8-4-W.npz
0.1800537109375,4.19989013671875,-154,0,batch_00542_protodune-orig-3-3-W.npz
0.4149169921875,0.8289794921875,0,2,batch_00610_protodune-orig-7-0-W.npz
0.330322265625,0.330322265625,0,1,batch_00348_protodune-orig-4-1-W.npz
0.26226806640625,0.26226806640625,0,1,batch_00039_protodune-orig-5-0-W.npz
0.0078125,0.0078125,0,1,batch_00984_protodune-orig-0-4-W.npz
1.0,1.0,1,1,batch_00758_protodune-orig-6-3-W.npz
0.68011474609375,0.68011474609375,0,1,batch_00491_protodune-orig-6-2-W.npz
0.21563720703125,1.25225830078125,-156,2,batch_00595_protodune-orig-9-2-W.npz
0.171875,0.27569580078125,0,2,batch_00328_protodune-orig-7-0-W.npz
0.06890869140625,2.654541015625,-132,0,batch_00533_protodune-orig-0-5-W.npz
0.22332763671875,3.13555908203125,-259,1,batch_00429_protodune-orig-7-5-W.npz
0.0201416015625,0.0201416015625,-1,0,batch_00246_protodune-orig-9-4-W.npz
0.1444091796875,0.1444091796875,0,1,batch_00149_protodune-orig-2-0-W.npz
0.409912109375,0.409912109375,0,1,batch_00009_protodune-orig-3-4-W.npz
0.13427734375,1.21881103515625,-99,1,batch_00396_protodune-orig-3-5-W.npz
0.3912353515625,7.10003662109375,-235,1,batch_00132_protodune-orig-6-5-W.npz
0.121826171875,2.243408203125,-99,0,batch_01000_protodune-orig-1-0-W.npz
0.0545654296875,2.30828857421875,-222,23,batch_00758_protodune-orig-5-0-W.npz
0.0223388671875,0.02435302734375,-10,0,batch_00273_protodune-orig-5-5-W.npz
0.0234375,0.046875,0,2,batch_00749_protodune-orig-3-4-W.npz
0.1766357421875,1.28076171875,-96,1,batch_00231_protodune-orig-8-1-W.npz
0.3800048828125,0.823974609375,0,3,batch_00706_protodune-orig-7-5-W.npz
0.0570068359375,1.20947265625,-135,0,batch_00266_protodune-orig-5-0-W.npz
0.76153564453125,0.76153564453125,0,1,batch_00046_protodune-orig-5-5-W.npz
0.07965087890625,1.96429443359375,-145,0,batch_00120_protodune-orig-0-0-W.npz
0.09466552734375,0.60552978515625,-108,1,batch_00292_protodune-orig-7-1-W.npz
0.01275634765625,0.01275634765625,0,1,batch_00090_protodune-orig-7-5-W.npz
0.11956787109375,0.11956787109375,-1,0,batch_00455_protodune-orig-6-1-W.npz
0.1322021484375,0.1322021484375,0,1,batch_00491_protodune-orig-8-2-W.npz
0.05853271484375,0.05853271484375,0,1,batch_00916_protodune-orig-4-0-W.npz
0.06146240234375,0.92132568359375,-112,0,batch_00592_protodune-orig-9-4-W.npz
0.0234375,0.0234375,0,1,batch_00112_protodune-orig-2-4-W.npz
0.16436767578125,0.16436767578125,0,1,batch_00056_protodune-orig-1-2-W.npz
0.24945068359375,1.6397705078125,-175,4,batch_00455_protodune-orig-2-1-W.npz
0.0859375,0.0859375,0,1,batch_00266_protodune-orig-8-3-W.npz
0.20574951171875,4.416259765625,-109,1,batch_00137_protodune-orig-5-1-W.npz
0.03662109375,1.17572021484375,-110,0,batch_00172_protodune-orig-3-4-W.npz
0.0078125,0.0078125,0,1,batch_00280_protodune-orig-1-4-W.npz
0.13568115234375,2.73046875,-265,1,batch_00431_protodune-orig-1-1-W.npz
0.11181640625,1.90789794921875,-156,1,batch_00927_protodune-orig-8-3-W.npz
0.05499267578125,0.05499267578125,0,1,batch_00288_protodune-orig-2-4-W.npz
0.015625,0.08953857421875,0,8,batch_00828_protodune-orig-3-5-W.npz
0.14617919921875,1.69390869140625,-121,1,batch_00927_protodune-orig-7-1-W.npz
0.3302001953125,0.3302001953125,0,1,batch_00212_protodune-orig-5-1-W.npz
0.0635986328125,1.56988525390625,-147,1,batch_00393_protodune-orig-0-2-W.npz
0.44390869140625,9.3726806640625,-150,0,batch_00816_protodune-orig-6-5-W.npz
0.0234375,0.06878662109375,0,4,batch_00152_protodune-orig-1-2-W.npz
0.05572509765625,0.281005859375,-87,0,batch_00478_protodune-orig-9-4-W.npz
0.07763671875,1.7725830078125,-123,0,batch_00631_protodune-orig-2-5-W.npz
0.2265625,2.30975341796875,0,11,batch_00985_protodune-orig-4-1-W.npz
0.39678955078125,1.67333984375,-149,2,batch_00352_protodune-orig-0-0-W.npz
0.066162109375,1.4969482421875,-186,1,batch_00510_protodune-orig-6-2-W.npz
0.1484375,0.687744140625,0,7,batch_00114_protodune-orig-3-4-W.npz
0.21533203125,5.08050537109375,-104,0,batch_00477_protodune-orig-2-2-W.npz
0.1456298828125,0.1456298828125,0,1,batch_00894_protodune-orig-0-3-W.npz
0.21307373046875,4.1004638671875,-86,0,batch_00389_protodune-orig-1-5-W.npz
0.23028564453125,5.07330322265625,-113,0,batch_00770_protodune-orig-6-1-W.npz
0.3680419921875,2.72283935546875,-208,3,batch_00026_protodune-orig-0-0-W.npz
0.01922607421875,0.01922607421875,0,1,batch_00068_protodune-orig-6-2-W.npz
0.49188232421875,0.7030029296875,0,3,batch_00126_protodune-orig-0-4-W.npz
0.03729248046875,0.906494140625,-95,0,batch_00398_protodune-orig-4-1-W.npz
0.35748291015625,0.55010986328125,0,3,batch_00428_protodune-orig-6-0-W.npz
0.030029296875,1.526611328125,-200,0,batch_00832_protodune-orig-9-0-W.npz
0.0203857421875,0.6116943359375,-106,0,batch_00374_protodune-orig-2-4-W.npz
0.1015625,0.1015625,0,1,batch_00239_protodune-orig-8-1-W.npz
0.02490234375,0.02490234375,0,1,batch_00765_protodune-orig-1-1-W.npz
0.0130615234375,0.20379638671875,-130,0,batch_00083_protodune-orig-2-3-W.npz
0.1201171875,2.4896240234375,-144,0,batch_00696_protodune-orig-2-4-W.npz
0.390625,0.390625,0,1,batch_00297_protodune-orig-5-4-W.npz
0.0384521484375,1.38140869140625,-181,1,batch_00396_protodune-orig-2-2-W.npz
0.97772216796875,5.28729248046875,-86,2,batch_00399_protodune-orig-3-0-W.npz
0.062255859375,0.90740966796875,-679,0,batch_00953_protodune-orig-4-1-W.npz
0.387451171875,0.50341796875,0,2,batch_00187_protodune-orig-4-3-W.npz
0.1611328125,1.68359375,-138,3,batch_00327_protodune-orig-5-5-W.npz
0.27838134765625,1.64422607421875,-124,1,batch_00862_protodune-orig-4-3-W.npz
0.17913818359375,4.01409912109375,-199,1,batch_00743_protodune-orig-2-2-W.npz
0.0615234375,1.8538818359375,-95,0,batch_00077_protodune-orig-9-3-W.npz
0.11346435546875,2.3812255859375,-219,0,batch_00339_protodune-orig-6-4-W.npz
0.28411865234375,0.28411865234375,0,1,batch_00785_protodune-orig-9-1-W.npz
0.00848388671875,0.00848388671875,-1,0,batch_00626_protodune-orig-7-0-W.npz
0.1015625,0.1015625,0,1,batch_00986_protodune-orig-2-5-W.npz
0.0858154296875,1.91314697265625,-94,0,batch_00038_protodune-orig-1-3-W.npz
0.0419921875,1.27972412109375,-98,0,batch_00485_protodune-orig-3-3-W.npz
0.0546875,0.6900634765625,-197,8,batch_00869_protodune-orig-2-2-W.npz
0.1875,3.59820556640625,-126,0,batch_00160_protodune-orig-7-1-W.npz
0.1920166015625,1.81475830078125,-192,8,batch_00331_protodune-orig-4-3-W.npz
0.067626953125,1.6595458984375,-175,1,batch_00476_protodune-orig-7-4-W.npz
0.072509765625,1.52691650390625,-112,0,batch_00831_protodune-orig-8-1-W.npz
0.09375,0.09375,0,1,batch_00817_protodune-orig-6-0-W.npz
0.08001708984375,1.7860107421875,-147,0,batch_00156_protodune-orig-0-3-W.npz
0.87420654296875,2.39495849609375,-126,1,batch_00119_protodune-orig-3-2-W.npz
0.484375,0.484375,0,1,batch_00513_protodune-orig-8-5-W.npz
0.04754638671875,0.4676513671875,-163,0,batch_00341_protodune-orig-7-2-W.npz
0.8109130859375,0.8109130859375,0,1,batch_00673_protodune-orig-2-0-W.npz
0.13238525390625,2.6351318359375,-87,0,batch_00555_protodune-orig-1-2-W.npz
0.2197265625,1.73681640625,-141,2,batch_00411_protodune-orig-3-3-W.npz
0.04949951171875,1.57806396484375,-108,25,batch_00741_protodune-orig-5-1-W.npz
0.46026611328125,4.093994140625,-124,3,batch_00669_protodune-orig-7-2-W.npz
0.026611328125,1.56146240234375,-126,34,batch_00161_protodune-orig-3-4-W.npz
0.059326171875,1.24749755859375,-96,0,batch_00754_protodune-orig-3-2-W.npz
0.78125,1.2720947265625,0,2,batch_00866_protodune-orig-9-0-W.npz
0.0390625,0.0703125,0,2,batch_00274_protodune-orig-7-1-W.npz
0.06268310546875,1.71380615234375,-170,0,batch_00927_protodune-orig-3-3-W.npz
0.25286865234375,0.2642822265625,-60,1,batch_00911_protodune-orig-1-4-W.npz
0.1241455078125,2.67962646484375,-148,0,batch_00274_protodune-orig-4-3-W.npz
0.1953125,0.1953125,0,1,batch_00946_protodune-orig-2-0-W.npz
0.00616455078125,0.00616455078125,-1,0,batch_00095_protodune-orig-2-0-W.npz
0.3538818359375,5.73040771484375,-123,0,batch_00738_protodune-orig-0-4-W.npz
0.2373046875,1.84295654296875,-178,5,batch_00726_protodune-orig-8-4-W.npz
0.10968017578125,2.200927734375,-129,0,batch_00912_protodune-orig-2-4-W.npz
0.046875,1.16204833984375,-49,38,batch_00469_protodune-orig-4-3-W.npz
0.04705810546875,1.2640380859375,-190,9,batch_00835_protodune-orig-0-3-W.npz
0.0538330078125,1.48382568359375,-106,0,batch_00129_protodune-orig-8-1-W.npz
0.1328125,0.19281005859375,0,2,batch_00955_protodune-orig-0-2-W.npz
0.18072509765625,4.12939453125,-474,7,batch_00464_protodune-orig-2-4-W.npz
0.07232666015625,1.5482177734375,-121,0,batch_00415_protodune-orig-2-2-W.npz
0.0078125,0.0379638671875,0,5,batch_00459_protodune-orig-0-2-W.npz
0.26007080078125,5.3193359375,-306,1,batch_00554_protodune-orig-0-1-W.npz
0.22064208984375,1.47259521484375,-120,1,batch_00226_protodune-orig-0-4-W.npz
0.67352294921875,2.9569091796875,-246,2,batch_00165_protodune-orig-5-3-W.npz
0.1011962890625,4.31292724609375,-146,0,batch_00942_protodune-orig-6-4-W.npz
0.23004150390625,1.7607421875,-133,5,batch_00550_protodune-orig-5-5-W.npz
0.051025390625,0.90283203125,-108,0,batch_00491_protodune-orig-8-3-W.npz
0.12445068359375,2.93902587890625,-159,1,batch_00488_protodune-orig-2-4-W.npz
0.15625,0.9874267578125,0,7,batch_00252_protodune-orig-5-4-W.npz
0.01348876953125,0.01531982421875,-10,0,batch_00048_protodune-orig-1-5-W.npz
0.05194091796875,1.09893798828125,-174,1,batch_00106_protodune-orig-7-2-W.npz
0.0234375,0.0234375,0,1,batch_00803_protodune-orig-2-1-W.npz
0.06500244140625,1.9970703125,-94,0,batch_00330_protodune-orig-7-2-W.npz
0.06805419921875,1.19061279296875,-296,1,batch_00870_protodune-orig-2-2-W.npz
0.09375,0.10687255859375,0,2,batch_00243_protodune-orig-3-3-W.npz
0.03607177734375,0.74005126953125,-173,2,batch_00808_protodune-orig-0-4-W.npz
0.05322265625,1.243896484375,-109,1,batch_00529_protodune-orig-4-1-W.npz
0.14453125,0.14453125,0,1,batch_00866_protodune-orig-7-0-W.npz
0.15191650390625,3.83648681640625,-109,0,batch_00850_protodune-orig-5-1-W.npz
0.08538818359375,2.12493896484375,-193,0,batch_00453_protodune-orig-1-3-W.npz
0.4266357421875,1.86932373046875,-171,3,batch_00526_protodune-orig-0-0-W.npz
0.2015380859375,3.37420654296875,-93,0,batch_00657_protodune-orig-6-4-W.npz
0.0079345703125,0.00860595703125,-5,0,batch_00062_protodune-orig-5-1-W.npz
0.47802734375,2.41162109375,-105,6,batch_00941_protodune-orig-9-3-W.npz
0.22998046875,1.53497314453125,-169,6,batch_00852_protodune-orig-2-3-W.npz
0.19415283203125,3.80609130859375,-122,0,batch_00705_protodune-orig-3-1-W.npz
0.09112548828125,1.78790283203125,-113,0,batch_00464_protodune-orig-7-3-W.npz
0.06268310546875,1.51318359375,-153,1,batch_00980_protodune-orig-7-5-W.npz
0.098388671875,2.65057373046875,-234,4,batch_00399_protodune-orig-6-0-W.npz
0.2135009765625,3.47711181640625,-130,0,batch_00945_protodune-orig-4-4-W.npz
0.296875,0.296875,0,1,batch_00179_protodune-orig-6-2-W.npz
0.14910888671875,4.06292724609375,-356,1,batch_00588_protodune-orig-3-1-W.npz
0.01654052734375,0.50299072265625,-96,0,batch_00149_protodune-orig-1-0-W.npz
0.377685546875,0.56280517578125,0,3,batch_00021_protodune-orig-6-1-W.npz
0.093994140625,2.63751220703125,-230,0,batch_00128_protodune-orig-7-3-W.npz
0.02545166015625,1.19805908203125,-116,0,batch_00780_protodune-orig-3-4-W.npz
0.26141357421875,2.71954345703125,-245,7,batch_00365_protodune-orig-7-4-W.npz
0.81207275390625,1.9056396484375,-95,2,batch_00134_protodune-orig-1-4-W.npz
0.109375,0.109375,0,1,batch_00089_protodune-orig-6-2-W.npz
0.0457763671875,1.23028564453125,-206,14,batch_00417_protodune-orig-6-3-W.npz
0.03643798828125,1.25390625,-154,0,batch_00936_protodune-orig-5-1-W.npz
0.1212158203125,2.0960693359375,-91,0,batch_00525_protodune-orig-1-0-W.npz
0.1875,1.9659423828125,-153,4,batch_00336_protodune-orig-1-1-W.npz
0.43170166015625,2.29913330078125,-152,1,batch_00507_protodune-orig-0-4-W.npz
0.1788330078125,0.1788330078125,0,1,batch_00036_protodune-orig-6-2-W.npz
0.3984375,0.7890625,0,2,batch_00990_protodune-orig-8-3-W.npz
0.25,1.556884765625,-170,6,batch_00260_protodune-orig-5-0-W.npz
0.4085693359375,1.62896728515625,-146,3,batch_00214_protodune-orig-5-4-W.npz
0.7265625,1.39520263671875,0,2,batch_00084_protodune-orig-3-0-W.npz
0.104248046875,1.8172607421875,-90,0,batch_00497_protodune-orig-6-4-W.npz
0.10491943359375,1.82855224609375,-89,0,batch_00710_protodune-orig-3-0-W.npz
0.08782958984375,0.17108154296875,0,3,batch_00864_protodune-orig-0-4-W.npz
0.07379150390625,1.57086181640625,-118,0,batch_00590_protodune-orig-9-2-W.npz
0.3804931640625,6.6600341796875,-87,0,batch_00246_protodune-orig-0-5-W.npz
0.74298095703125,3.367919921875,-125,1,batch_00180_protodune-orig-3-1-W.npz
0.0888671875,1.570068359375,-118,0,batch_00559_protodune-orig-5-2-W.npz
0.1480712890625,0.1480712890625,0,1,batch_00534_protodune-orig-7-0-W.npz
0.7265625,0.7265625,0,1,batch_00543_protodune-orig-1-0-W.npz
0.00897216796875,0.193359375,-94,0,batch_00606_protodune-orig-4-5-W.npz
0.171875,0.171875,0,1,batch_00964_protodune-orig-9-2-W.npz
0.248046875,1.75067138671875,-103,7,batch_00035_protodune-orig-1-1-W.npz
0.0078125,0.015625,0,2,batch_00192_protodune-orig-7-4-W.npz
0.02520751953125,0.44708251953125,-103,0,batch_00943_protodune-orig-4-3-W.npz
0.1015625,0.1015625,0,1,batch_00252_protodune-orig-7-1-W.npz
0.04705810546875,1.6434326171875,-173,1,batch_00617_protodune-orig-4-2-W.npz
0.06744384765625,2.04217529296875,-148,1,batch_00444_protodune-orig-9-1-W.npz
0.4849853515625,0.4849853515625,0,1,batch_00397_protodune-orig-0-3-W.npz
0.05963134765625,0.43231201171875,-134,4,batch_00403_protodune-orig-0-3-W.npz
0.0635986328125,0.0635986328125,0,1,batch_00499_protodune-orig-1-3-W.npz
0.26116943359375,2.6099853515625,-165,1,batch_00774_protodune-orig-8-5-W.npz
0.0302734375,0.35552978515625,-190,5,batch_00471_protodune-orig-3-1-W.npz
0.00897216796875,0.45654296875,-141,0,batch_00093_protodune-orig-4-5-W.npz
0.06488037109375,0.993896484375,-117,0,batch_00335_protodune-orig-1-5-W.npz
0.17559814453125,3.6829833984375,-298,4,batch_00347_protodune-orig-6-1-W.npz
0.1080322265625,2.31781005859375,-150,0,batch_00082_protodune-orig-0-5-W.npz
0.0159912109375,0.472900390625,-92,0,batch_00121_protodune-orig-8-4-W.npz
0.1484375,0.6383056640625,0,7,batch_00856_protodune-orig-8-4-W.npz
0.4207763671875,8.5797119140625,-261,1,batch_00568_protodune-orig-9-2-W.npz
0.0390625,0.078125,0,2,batch_00948_protodune-orig-1-2-W.npz
0.03607177734375,1.51123046875,-154,0,batch_00565_protodune-orig-2-3-W.npz
0.5609130859375,0.5609130859375,0,1,batch_00436_protodune-orig-7-2-W.npz
0.262939453125,0.319580078125,0,2,batch_00121_protodune-orig-7-3-W.npz
0.24395751953125,1.66357421875,-144,3,batch_00578_protodune-orig-8-3-W.npz
0.2666015625,0.2666015625,0,1,batch_00037_protodune-orig-6-1-W.npz
0.07403564453125,1.7789306640625,-166,0,batch_00782_protodune-orig-6-4-W.npz
0.203125,0.203125,0,1,batch_00711_protodune-orig-2-2-W.npz
0.23028564453125,1.580810546875,-172,6,batch_00526_protodune-orig-1-1-W.npz
1.0,1.0,1,1,batch_00936_protodune-orig-0-4-W.npz
0.398681640625,1.6788330078125,-160,4,batch_00757_protodune-orig-3-4-W.npz
0.04296875,0.742431640625,-105,0,batch_00147_protodune-orig-3-4-W.npz
0.05889892578125,0.9896240234375,-148,0,batch_00002_protodune-orig-2-2-W.npz
0.2412109375,2.91387939453125,-183,1,batch_00112_protodune-orig-5-3-W.npz
0.05438232421875,0.92071533203125,-101,0,batch_00836_protodune-orig-5-4-W.npz
0.06732177734375,2.6544189453125,-125,0,batch_00717_protodune-orig-1-0-W.npz
0.010986328125,0.010986328125,0,1,batch_00185_protodune-orig-6-5-W.npz
0.05218505859375,0.05218505859375,0,1,batch_00717_protodune-orig-4-0-W.npz
0.5445556640625,0.77789306640625,-48,3,batch_00451_protodune-orig-4-1-W.npz
0.018310546875,0.498046875,-92,0,batch_00322_protodune-orig-8-2-W.npz
0.0665283203125,1.16131591796875,-192,0,batch_00440_protodune-orig-2-5-W.npz
0.04486083984375,1.344482421875,-125,1,batch_00176_protodune-orig-7-5-W.npz
0.21343994140625,7.04522705078125,-107,0,batch_00497_protodune-orig-0-5-W.npz
0.06475830078125,1.92333984375,-162,0,batch_00821_protodune-orig-3-3-W.npz
0.5078125,0.5078125,0,1,batch_00587_protodune-orig-4-2-W.npz
0.16717529296875,0.16717529296875,0,1,batch_00378_protodune-orig-9-5-W.npz
0.37213134765625,7.7894287109375,-125,0,batch_00418_protodune-orig-4-5-W.npz
0.21875,0.49774169921875,0,3,batch_00899_protodune-orig-5-1-W.npz
0.046875,0.19097900390625,0,5,batch_00006_protodune-orig-4-5-W.npz
0.0704345703125,0.6561279296875,-174,0,batch_00256_protodune-orig-5-1-W.npz
0.0692138671875,2.3741455078125,-204,0,batch_00958_protodune-orig-3-5-W.npz
0.0726318359375,1.71240234375,-157,0,batch_00717_protodune-orig-2-1-W.npz
0.477294921875,0.477294921875,0,1,batch_00502_protodune-orig-7-4-W.npz
0.015625,0.0390625,0,4,batch_00120_protodune-orig-2-0-W.npz
0.16552734375,3.0794677734375,-108,0,batch_00163_protodune-orig-9-0-W.npz
0.5960693359375,0.79290771484375,0,3,batch_00937_protodune-orig-3-5-W.npz
0.0521240234375,0.0521240234375,0,1,batch_00992_protodune-orig-6-2-W.npz
0.32257080078125,9.66375732421875,-161,0,batch_00257_protodune-orig-1-2-W.npz
0.30120849609375,1.81072998046875,-100,6,batch_00312_protodune-orig-1-5-W.npz
0.1171875,0.1171875,0,1,batch_00041_protodune-orig-3-3-W.npz
0.73187255859375,3.8643798828125,-141,3,batch_00937_protodune-orig-2-3-W.npz
0.109619140625,3.66729736328125,-112,0,batch_00672_protodune-orig-4-5-W.npz
0.12298583984375,2.23077392578125,-96,0,batch_00153_protodune-orig-9-0-W.npz
0.56402587890625,1.93902587890625,-129,3,batch_00114_protodune-orig-5-3-W.npz
0.11334228515625,2.08343505859375,-106,0,batch_00414_protodune-orig-7-3-W.npz
0.0853271484375,1.540283203125,-89,0,batch_00047_protodune-orig-7-2-W.npz
0.00994873046875,0.38043212890625,-112,0,batch_00343_protodune-orig-4-3-W.npz
0.036376953125,0.8607177734375,-211,1,batch_00705_protodune-orig-9-0-W.npz
0.1871337890625,0.41119384765625,0,5,batch_00370_protodune-orig-3-4-W.npz
0.08135986328125,2.02691650390625,-189,0,batch_00043_protodune-orig-1-1-W.npz
0.07135009765625,2.06219482421875,-225,12,batch_00786_protodune-orig-9-5-W.npz
0.22125244140625,2.589599609375,-203,4,batch_00743_protodune-orig-7-1-W.npz
0.016845703125,0.4896240234375,-94,1,batch_00636_protodune-orig-5-0-W.npz
0.3084716796875,1.7510986328125,-109,5,batch_00100_protodune-orig-6-2-W.npz
0.0352783203125,1.40057373046875,-130,0,batch_00566_protodune-orig-7-1-W.npz
0.0682373046875,1.03375244140625,-129,0,batch_00313_protodune-orig-8-1-W.npz
0.07965087890625,2.2236328125,-156,0,batch_00960_protodune-orig-7-2-W.npz
0.2490234375,3.7947998046875,-87,0,batch_00358_protodune-orig-9-2-W.npz
0.0792236328125,2.08245849609375,-162,0,batch_00785_protodune-orig-2-2-W.npz
0.08447265625,2.53265380859375,-121,0,batch_00169_protodune-orig-1-2-W.npz
0.37286376953125,7.56158447265625,-175,1,batch_00098_protodune-orig-8-2-W.npz
0.3018798828125,0.320068359375,0,2,batch_00984_protodune-orig-6-0-W.npz
0.578125,0.578125,0,1,batch_00900_protodune-orig-7-1-W.npz
0.0850830078125,1.93621826171875,-156,0,batch_00696_protodune-orig-3-3-W.npz
0.7442626953125,2.48248291015625,-126,2,batch_00456_protodune-orig-7-3-W.npz
0.1875,0.1875,0,1,batch_00152_protodune-orig-6-0-W.npz
0.0234375,0.0234375,0,1,batch_00806_protodune-orig-1-4-W.npz
0.84246826171875,4.48907470703125,-134,11,batch_00542_protodune-orig-7-3-W.npz
0.11767578125,1.84088134765625,-184,7,batch_00150_protodune-orig-1-5-W.npz
0.97161865234375,8.86669921875,-453,11,batch_00428_protodune-orig-1-1-W.npz
0.4710693359375,5.86785888671875,-192,3,batch_00073_protodune-orig-8-2-W.npz
0.0078125,0.06622314453125,0,9,batch_00829_protodune-orig-2-2-W.npz
0.29974365234375,3.74371337890625,-243,6,batch_00838_protodune-orig-0-4-W.npz
0.9775390625,2.335205078125,-115,1,batch_00019_protodune-orig-7-3-W.npz
0.1328125,0.1328125,0,1,batch_00865_protodune-orig-8-0-W.npz
0.0162353515625,0.0162353515625,0,1,batch_00078_protodune-orig-3-5-W.npz
0.12518310546875,2.0555419921875,-164,4,batch_00303_protodune-orig-4-0-W.npz
0.1566162109375,3.8045654296875,-131,0,batch_00247_protodune-orig-0-5-W.npz
0.1771240234375,0.1771240234375,0,1,batch_00575_protodune-orig-0-4-W.npz
0.44085693359375,0.44085693359375,0,1,batch_00987_protodune-orig-0-3-W.npz
0.07281494140625,1.58837890625,-126,0,batch_00454_protodune-orig-2-0-W.npz
0.00958251953125,0.00958251953125,-1,0,batch_00895_protodune-orig-2-3-W.npz
0.05670166015625,1.24139404296875,-130,4,batch_00488_protodune-orig-4-5-W.npz
0.29180908203125,0.29180908203125,0,1,batch_00932_protodune-orig-7-3-W.npz
0.1907958984375,2.2109375,-194,1,batch_00416_protodune-orig-1-0-W.npz
0.15771484375,3.65966796875,-116,0,batch_00774_protodune-orig-3-3-W.npz
0.34375,0.34375,0,1,batch_00722_protodune-orig-9-1-W.npz
0.6461181640625,0.6461181640625,0,1,batch_00941_protodune-orig-3-5-W.npz
0.0240478515625,0.02423095703125,-2,0,batch_00323_protodune-orig-1-5-W.npz
0.98175048828125,2.5635986328125,-123,1,batch_00692_protodune-orig-9-0-W.npz
0.1846923828125,2.48724365234375,-94,0,batch_00190_protodune-orig-5-4-W.npz
0.3515625,0.61370849609375,0,2,batch_00276_protodune-orig-7-1-W.npz
0.3828125,0.55224609375,0,2,batch_00949_protodune-orig-6-3-W.npz
0.0621337890625,1.93682861328125,-138,29,batch_00621_protodune-orig-7-0-W.npz
0.04302978515625,1.09112548828125,-105,0,batch_00912_protodune-orig-2-2-W.npz
0.015625,0.0234375,0,2,batch_00935_protodune-orig-8-0-W.npz
0.1015625,0.34747314453125,0,4,batch_00056_protodune-orig-2-1-W.npz
0.054931640625,0.84259033203125,-99,0,batch_00141_protodune-orig-8-1-W.npz
0.1875,0.30328369140625,0,2,batch_00806_protodune-orig-5-2-W.npz
0.0428466796875,2.5362548828125,-280,23,batch_00800_protodune-orig-7-4-W.npz
0.1513671875,1.43646240234375,-101,0,batch_00633_protodune-orig-5-1-W.npz
0.05438232421875,1.6624755859375,-103,0,batch_00013_protodune-orig-6-4-W.npz
0.3394775390625,7.58245849609375,-123,0,batch_00958_protodune-orig-1-0-W.npz
0.2872314453125,1.74090576171875,-149,3,batch_00184_protodune-orig-7-4-W.npz
0.4921875,0.4921875,0,1,batch_00795_protodune-orig-1-3-W.npz
0.0850830078125,1.361328125,-128,2,batch_00086_protodune-orig-2-2-W.npz
0.05194091796875,1.52081298828125,-158,11,batch_00230_protodune-orig-6-0-W.npz
0.060302734375,1.36944580078125,-103,0,batch_00238_protodune-orig-9-1-W.npz
0.0810546875,1.93780517578125,-179,0,batch_00113_protodune-orig-4-4-W.npz
0.11529541015625,1.293212890625,-135,2,batch_00996_protodune-orig-9-2-W.npz
0.22955322265625,0.22955322265625,0,1,batch_00524_protodune-orig-6-1-W.npz
0.0234375,0.077392578125,0,4,batch_00465_protodune-orig-6-1-W.npz
0.1015625,0.1015625,0,1,batch_00508_protodune-orig-4-1-W.npz
0.49169921875,2.04400634765625,-169,3,batch_00483_protodune-orig-9-4-W.npz
0.01226806640625,0.43878173828125,-107,0,batch_00401_protodune-orig-2-3-W.npz
0.12371826171875,0.12371826171875,0,1,batch_00907_protodune-orig-7-2-W.npz
0.22320556640625,8.623046875,-123,0,batch_00313_protodune-orig-4-4-W.npz
0.35443115234375,10.552001953125,-215,0,batch_00971_protodune-orig-6-2-W.npz
0.48675537109375,2.37713623046875,-143,1,batch_00570_protodune-orig-8-0-W.npz
0.10125732421875,1.71240234375,-145,0,batch_00408_protodune-orig-1-4-W.npz
0.19586181640625,0.19586181640625,0,1,batch_00483_protodune-orig-9-1-W.npz
0.11834716796875,2.3636474609375,-113,0,batch_00104_protodune-orig-6-4-W.npz
0.3828125,0.3828125,0,1,batch_00431_protodune-orig-2-2-W.npz
0.01824951171875,0.73516845703125,-123,0,batch_00804_protodune-orig-9-1-W.npz
0.15606689453125,1.6390380859375,-153,1,batch_00661_protodune-orig-8-4-W.npz
0.0078125,0.295654296875,-235,1,batch_00075_protodune-orig-0-4-W.npz
0.21875,0.21875,0,1,batch_00580_protodune-orig-8-0-W.npz
0.11639404296875,1.25640869140625,-103,3,batch_00261_protodune-orig-8-0-W.npz
0.0234375,0.0379638671875,0,2,batch_00318_protodune-orig-8-0-W.npz
0.1173095703125,1.819580078125,-171,1,batch_00571_protodune-orig-6-1-W.npz
0.045654296875,0.045654296875,0,1,batch_00083_protodune-orig-1-5-W.npz
0.08587646484375,1.76654052734375,-144,0,batch_00988_protodune-orig-1-4-W.npz
0.614501953125,4.99566650390625,-323,1,batch_00094_protodune-orig-0-4-W.npz
0.37713623046875,2.01934814453125,-137,1,batch_00933_protodune-orig-8-2-W.npz
0.21533203125,1.7763671875,-128,6,batch_00164_protodune-orig-3-3-W.npz
0.0948486328125,1.99188232421875,-132,0,batch_00728_protodune-orig-1-1-W.npz
0.12249755859375,2.1944580078125,-100,0,batch_00427_protodune-orig-2-3-W.npz
0.1981201171875,1.587158203125,-127,2,batch_00502_protodune-orig-0-0-W.npz
0.23406982421875,1.748291015625,-142,1,batch_00739_protodune-orig-9-3-W.npz
0.20703125,1.5750732421875,-179,7,batch_00655_protodune-orig-7-2-W.npz
0.16107177734375,3.5174560546875,-150,0,batch_00362_protodune-orig-3-3-W.npz
0.0086669921875,0.0086669921875,-1,0,batch_00952_protodune-orig-9-4-W.npz
0.277099609375,1.36773681640625,-99,1,batch_00052_protodune-orig-5-0-W.npz
0.054931640625,1.26324462890625,-104,0,batch_00577_protodune-orig-5-3-W.npz
0.0970458984375,2.08062744140625,-93,0,batch_00428_protodune-orig-4-5-W.npz
0.03973388671875,1.310302734375,-103,0,batch_00296_protodune-orig-1-0-W.npz
1.0,1.0,1,1,batch_00994_protodune-orig-0-5-W.npz
0.1231689453125,0.1231689453125,0,1,batch_00532_protodune-orig-3-1-W.npz
0.1888427734375,1.84283447265625,-97,11,batch_00764_protodune-orig-3-3-W.npz
0.09246826171875,1.9862060546875,-147,0,batch_00877_protodune-orig-8-3-W.npz
0.07916259765625,0.7821044921875,-111,0,batch_00696_protodune-orig-8-1-W.npz
0.034912109375,0.73297119140625,-214,9,batch_00852_protodune-orig-0-2-W.npz
0.0615234375,1.56982421875,-185,2,batch_00799_protodune-orig-1-4-W.npz
0.095947265625,1.97491455078125,-124,0,batch_00961_protodune-orig-2-5-W.npz
0.03802490234375,1.4183349609375,-182,0,batch_00853_protodune-orig-1-4-W.npz
0.1522216796875,2.19488525390625,-118,0,batch_00746_protodune-orig-4-0-W.npz
0.057861328125,1.34674072265625,-126,1,batch_00055_protodune-orig-9-4-W.npz
0.1778564453125,1.5802001953125,-162,6,batch_00324_protodune-orig-8-3-W.npz
0.50775146484375,5.712158203125,-495,2,batch_00672_protodune-orig-5-2-W.npz
0.9903564453125,3.07366943359375,-113,1,batch_00212_protodune-orig-9-3-W.npz
0.053955078125,1.20953369140625,-100,0,batch_00710_protodune-orig-8-0-W.npz
0.1519775390625,0.75250244140625,-185,4,batch_00786_protodune-orig-5-0-W.npz
0.09375,0.6002197265625,0,9,batch_00160_protodune-orig-6-0-W.npz
0.11163330078125,1.640380859375,-188,3,batch_00604_protodune-orig-7-5-W.npz
0.03204345703125,0.830078125,-88,0,batch_00769_protodune-orig-5-1-W.npz
0.56036376953125,3.283203125,-136,8,batch_00604_protodune-orig-3-2-W.npz
0.09771728515625,2.24560546875,-251,1,batch_00180_protodune-orig-7-0-W.npz
0.05828857421875,1.29095458984375,-104,0,batch_00764_protodune-orig-6-5-W.npz
0.77374267578125,2.719482421875,-217,1,batch_00686_protodune-orig-7-3-W.npz
0.28076171875,1.14752197265625,-108,1,batch_00843_protodune-orig-8-1-W.npz
0.05059814453125,1.15325927734375,-95,1,batch_00942_protodune-orig-7-0-W.npz
0.0955810546875,2.72314453125,-97,0,batch_00333_protodune-orig-7-3-W.npz
0.11029052734375,0.11029052734375,0,1,batch_00399_protodune-orig-7-0-W.npz
0.4830322265625,3.142333984375,-248,2,batch_00364_protodune-orig-5-0-W.npz
0.01177978515625,0.421630859375,-105,0,batch_00258_protodune-orig-5-2-W.npz
0.0703125,0.125,0,2,batch_00115_protodune-orig-2-0-W.npz
0.89697265625,2.55169677734375,-179,2,batch_00635_protodune-orig-2-1-W.npz
0.265625,0.7974853515625,0,4,batch_00705_protodune-orig-3-3-W.npz
0.01568603515625,0.24090576171875,-94,0,batch_00606_protodune-orig-9-3-W.npz
0.25982666015625,6.04571533203125,-102,0,batch_00188_protodune-orig-7-0-W.npz
0.06158447265625,1.544921875,-176,2,batch_00873_protodune-orig-8-1-W.npz
0.0078125,0.0390625,0,5,batch_00687_protodune-orig-4-0-W.npz
0.43084716796875,2.63311767578125,-239,5,batch_00235_protodune-orig-9-1-W.npz
0.07147216796875,0.07147216796875,0,1,batch_00639_protodune-orig-5-5-W.npz
0.0831298828125,1.6221923828125,-97,0,batch_00245_protodune-orig-8-3-W.npz
0.1552734375,3.0716552734375,-167,0,batch_00069_protodune-orig-8-2-W.npz
0.10931396484375,2.09686279296875,-115,0,batch_00487_protodune-orig-2-3-W.npz
0.20843505859375,1.3758544921875,-133,2,batch_00983_protodune-orig-1-2-W.npz
0.4453125,0.4453125,0,1,batch_00589_protodune-orig-2-3-W.npz
0.151611328125,3.05401611328125,-121,0,batch_00742_protodune-orig-9-4-W.npz
0.0113525390625,0.2392578125,-184,2,batch_00193_protodune-orig-9-5-W.npz
0.0284423828125,0.83099365234375,-187,13,batch_00364_protodune-orig-6-4-W.npz
0.00970458984375,0.43072509765625,-125,0,batch_00929_protodune-orig-9-4-W.npz
0.12127685546875,2.2716064453125,-101,0,batch_00226_protodune-orig-7-2-W.npz
0.01483154296875,0.02362060546875,-34,0,batch_00996_protodune-orig-0-2-W.npz
0.15301513671875,3.26031494140625,-133,0,batch_00383_protodune-orig-8-3-W.npz
0.23187255859375,1.7674560546875,-133,5,batch_00293_protodune-orig-2-1-W.npz
0.0587158203125,1.26513671875,-191,8,batch_00422_protodune-orig-1-3-W.npz
0.37744140625,1.8609619140625,-109,4,batch_00881_protodune-orig-8-5-W.npz
0.0594482421875,0.0594482421875,0,1,batch_00789_protodune-orig-6-1-W.npz
0.06634521484375,1.634765625,-159,1,batch_00369_protodune-orig-3-0-W.npz
0.14501953125,3.915283203125,-212,0,batch_00015_protodune-orig-9-1-W.npz
0.2890625,1.0284423828125,0,4,batch_00227_protodune-orig-5-5-W.npz
0.1796875,0.1796875,0,1,batch_00937_protodune-orig-3-2-W.npz
0.97528076171875,1.10198974609375,-139,1,batch_00438_protodune-orig-8-3-W.npz
0.13458251953125,3.30389404296875,-157,1,batch_00767_protodune-orig-7-4-W.npz
0.277099609375,1.65216064453125,-163,4,batch_00240_protodune-orig-4-1-W.npz
0.05828857421875,2.1041259765625,-109,0,batch_00054_protodune-orig-7-3-W.npz
0.01300048828125,0.01300048828125,0,1,batch_00726_protodune-orig-1-5-W.npz
0.1439208984375,3.00775146484375,-138,0,batch_00675_protodune-orig-2-2-W.npz
0.16937255859375,4.92584228515625,-88,0,batch_00800_protodune-orig-3-1-W.npz
0.06231689453125,2.470703125,-103,0,batch_00792_protodune-orig-9-2-W.npz
0.05511474609375,1.60638427734375,-166,0,batch_00418_protodune-orig-0-4-W.npz
0.32373046875,3.03448486328125,-168,3,batch_00930_protodune-orig-0-5-W.npz
0.0811767578125,1.90740966796875,-93,0,batch_00852_protodune-orig-3-5-W.npz
0.01092529296875,0.28741455078125,-363,1,batch_00379_protodune-orig-1-4-W.npz
0.0701904296875,1.657470703125,-131,0,batch_00497_protodune-orig-7-2-W.npz
0.015625,0.23419189453125,0,29,batch_00038_protodune-orig-6-0-W.npz
0.104248046875,2.73699951171875,-174,0,batch_00277_protodune-orig-1-2-W.npz
0.109375,0.109375,0,1,batch_00685_protodune-orig-2-1-W.npz
0.1890869140625,0.1890869140625,0,1,batch_00938_protodune-orig-9-2-W.npz
0.74261474609375,4.39141845703125,-99,1,batch_00169_protodune-orig-0-0-W.npz
0.05560302734375,1.70050048828125,-145,0,batch_00574_protodune-orig-0-5-W.npz
0.421875,0.52777099609375,0,2,batch_00402_protodune-orig-7-3-W.npz
0.720947265625,4.4398193359375,-241,1,batch_00015_protodune-orig-4-1-W.npz
0.0792236328125,0.08013916015625,-3,0,batch_00908_protodune-orig-2-3-W.npz
0.1197509765625,2.9586181640625,-150,0,batch_00552_protodune-orig-6-5-W.npz
0.0130615234375,0.48638916015625,-142,0,batch_00457_protodune-orig-0-1-W.npz
0.17376708984375,0.17376708984375,0,1,batch_00943_protodune-orig-9-1-W.npz
0.09515380859375,1.8507080078125,-102,0,batch_00205_protodune-orig-2-1-W.npz
0.072509765625,1.18634033203125,-98,5,batch_00633_protodune-orig-1-2-W.npz
0.2279052734375,1.75201416015625,-147,1,batch_00352_protodune-orig-5-5-W.npz
0.2193603515625,1.69439697265625,-142,1,batch_00211_protodune-orig-8-5-W.npz
1.0,1.0,1,1,batch_00103_protodune-orig-7-3-W.npz
0.2200927734375,4.0941162109375,-114,0,batch_00926_protodune-orig-7-1-W.npz
0.09375,0.4080810546875,0,6,batch_00430_protodune-orig-6-1-W.npz
0.056640625,0.85626220703125,-156,0,batch_00930_protodune-orig-5-3-W.npz
0.01910400390625,0.82696533203125,-109,0,batch_00594_protodune-orig-1-3-W.npz
0.0234375,2.06427001953125,-249,25,batch_00203_protodune-orig-9-2-W.npz
0.5859375,1.15625,0,2,batch_00108_protodune-orig-6-0-W.npz
0.243408203125,0.243408203125,0,1,batch_00962_protodune-orig-4-2-W.npz
0.20172119140625,1.62200927734375,-129,4,batch_00913_protodune-orig-7-0-W.npz
0.15625,0.15625,0,1,batch_00939_protodune-orig-7-5-W.npz
0.04730224609375,1.6707763671875,-120,0,batch_00519_protodune-orig-1-4-W.npz
0.27423095703125,4.86199951171875,-345,1,batch_01000_protodune-orig-0-4-W.npz
0.037353515625,0.7252197265625,-128,0,batch_00374_protodune-orig-6-3-W.npz
0.379638671875,3.04022216796875,-237,4,batch_00938_protodune-orig-8-3-W.npz
0.0078125,0.0445556640625,0,6,batch_00555_protodune-orig-0-0-W.npz
0.99908447265625,4.4212646484375,-435,1,batch_00132_protodune-orig-2-0-W.npz
0.06097412109375,1.29461669921875,-97,0,batch_00456_protodune-orig-0-4-W.npz
0.0244140625,1.39117431640625,-153,0,batch_00427_protodune-orig-5-0-W.npz
0.07696533203125,0.07696533203125,0,1,batch_00808_protodune-orig-1-0-W.npz
0.20526123046875,1.57452392578125,-155,1,batch_00570_protodune-orig-2-0-W.npz
0.978515625,0.978515625,0,1,batch_00729_protodune-orig-8-5-W.npz
0.1533203125,2.45947265625,-145,15,batch_00312_protodune-orig-3-4-W.npz
0.0860595703125,1.293701171875,-121,0,batch_00533_protodune-orig-1-4-W.npz
0.10931396484375,2.16845703125,-157,1,batch_00576_protodune-orig-9-4-W.npz
0.40924072265625,7.364990234375,-111,0,batch_00535_protodune-orig-7-5-W.npz
0.13653564453125,3.2183837890625,-183,0,batch_00514_protodune-orig-4-2-W.npz
0.0078125,0.015625,0,2,batch_00739_protodune-orig-7-0-W.npz
0.0234375,0.63446044921875,0,45,batch_00198_protodune-orig-3-5-W.npz
0.620849609375,2.52593994140625,-205,5,batch_00916_protodune-orig-1-2-W.npz
0.107666015625,2.15594482421875,-251,14,batch_00854_protodune-orig-5-4-W.npz
1.0,1.0,1,1,batch_00800_protodune-orig-1-5-W.npz
0.04046630859375,0.9210205078125,-159,3,batch_00579_protodune-orig-6-2-W.npz
0.21722412109375,6.46429443359375,-90,0,batch_00318_protodune-orig-6-2-W.npz
0.2515869140625,4.884765625,-110,0,batch_00660_protodune-orig-3-1-W.npz
0.414306640625,7.4552001953125,-110,0,batch_00828_protodune-orig-9-4-W.npz
0.0941162109375,1.85809326171875,-115,0,batch_00592_protodune-orig-2-2-W.npz
0.21258544921875,1.55218505859375,-111,4,batch_00796_protodune-orig-4-3-W.npz
0.03167724609375,0.81268310546875,-181,0,batch_00593_protodune-orig-6-3-W.npz
0.0250244140625,0.67041015625,-102,1,batch_00231_protodune-orig-0-2-W.npz
0.2684326171875,0.2684326171875,0,1,batch_00064_protodune-orig-7-1-W.npz
0.06353759765625,1.406982421875,-103,0,batch_00151_protodune-orig-2-5-W.npz
0.05950927734375,1.3394775390625,-112,0,batch_00059_protodune-orig-3-5-W.npz
0.27783203125,0.43035888671875,0,3,batch_00467_protodune-orig-5-1-W.npz
0.28125,0.28125,0,1,batch_00746_protodune-orig-8-0-W.npz
0.03125,0.109375,0,4,batch_00012_protodune-orig-5-2-W.npz
0.453125,0.453125,0,1,batch_00212_protodune-orig-9-4-W.npz
0.75982666015625,0.75982666015625,0,1,batch_00113_protodune-orig-3-2-W.npz
0.01470947265625,0.25439453125,-97,0,batch_00609_protodune-orig-7-5-W.npz
0.29632568359375,1.57623291015625,-100,3,batch_00392_protodune-orig-4-2-W.npz
0.12847900390625,3.49334716796875,-115,0,batch_00448_protodune-orig-5-1-W.npz
0.0576171875,2.08984375,-117,0,batch_00455_protodune-orig-3-4-W.npz
0.0228271484375,0.70269775390625,-89,0,batch_00900_protodune-orig-0-5-W.npz
0.26568603515625,8.30560302734375,-136,1,batch_00188_protodune-orig-6-1-W.npz
0.47894287109375,1.591552734375,-114,2,batch_00668_protodune-orig-6-2-W.npz
0.11248779296875,2.958740234375,-306,13,batch_00543_protodune-orig-0-3-W.npz
0.00787353515625,0.2901611328125,-99,0,batch_00115_protodune-orig-4-0-W.npz
0.0390625,2.2388916015625,0,94,batch_00992_protodune-orig-1-0-W.npz
0.078125,0.078125,0,1,batch_00480_protodune-orig-1-0-W.npz
0.17254638671875,1.68194580078125,-94,2,batch_00795_protodune-orig-4-2-W.npz
0.56927490234375,3.3218994140625,-173,4,batch_00442_protodune-orig-7-2-W.npz
0.102783203125,2.1785888671875,-147,0,batch_00442_protodune-orig-5-2-W.npz
0.0360107421875,0.684326171875,-199,2,batch_00410_protodune-orig-9-5-W.npz
0.2337646484375,1.68988037109375,-147,4,batch_00930_protodune-orig-2-4-W.npz
0.010498046875,0.0146484375,-18,0,batch_00588_protodune-orig-5-4-W.npz
0.0999755859375,1.81640625,-98,0,batch_00987_protodune-orig-5-5-W.npz
0.16046142578125,9.73358154296875,-163,0,batch_00660_protodune-orig-1-1-W.npz
0.2109375,0.2109375,0,1,batch_00980_protodune-orig-8-2-W.npz
0.29205322265625,3.4183349609375,-99,0,batch_00056_protodune-orig-9-3-W.npz
0.03631591796875,0.03631591796875,0,1,batch_00971_protodune-orig-4-3-W.npz
0.072998046875,1.8514404296875,-141,0,batch_00656_protodune-orig-9-2-W.npz
0.02655029296875,0.02655029296875,0,1,batch_00823_protodune-orig-2-0-W.npz
0.20758056640625,1.3966064453125,-124,1,batch_00595_protodune-orig-8-2-W.npz
0.28497314453125,0.53826904296875,0,4,batch_00550_protodune-orig-6-0-W.npz
0.0625,0.0625,0,1,batch_00746_protodune-orig-5-5-W.npz
0.0736083984375,2.62042236328125,-112,0,batch_00148_protodune-orig-7-5-W.npz
0.0560302734375,1.321044921875,-109,0,batch_00591_protodune-orig-3-5-W.npz
0.12115478515625,3.35797119140625,-193,0,batch_00145_protodune-orig-0-3-W.npz
0.09375,0.09375,0,1,batch_00163_protodune-orig-7-4-W.npz
0.014892578125,0.62774658203125,-147,0,batch_00757_protodune-orig-2-3-W.npz
0.04644775390625,1.33233642578125,-149,0,batch_00341_protodune-orig-7-3-W.npz
0.474609375,1.5592041015625,-95,1,batch_00219_protodune-orig-1-1-W.npz
0.1080322265625,3.20806884765625,-100,0,batch_00920_protodune-orig-3-1-W.npz
0.1854248046875,3.847900390625,-110,0,batch_00901_protodune-orig-8-4-W.npz
0.1060791015625,1.62518310546875,-135,1,batch_00431_protodune-orig-9-2-W.npz
0.8623046875,1.21270751953125,-140,1,batch_00241_protodune-orig-6-4-W.npz
0.0811767578125,0.0811767578125,0,1,batch_00362_protodune-orig-4-0-W.npz
0.021728515625,0.021728515625,0,1,batch_00006_protodune-orig-0-0-W.npz
0.1412353515625,1.5540771484375,-102,6,batch_00930_protodune-orig-7-1-W.npz
0.25799560546875,1.5220947265625,-124,1,batch_00158_protodune-orig-1-5-W.npz
0.431396484375,1.73675537109375,-121,1,batch_00712_protodune-orig-9-4-W.npz
0.328125,0.48919677734375,0,3,batch_00864_protodune-orig-5-5-W.npz
0.0712890625,1.6717529296875,-128,0,batch_00090_protodune-orig-2-1-W.npz
0.1429443359375,1.65667724609375,-165,7,batch_00840_protodune-orig-0-2-W.npz
0.17852783203125,3.199951171875,-245,1,batch_00860_protodune-orig-6-0-W.npz
0.24066162109375,7.76092529296875,-147,0,batch_00451_protodune-orig-9-1-W.npz
0.0767822265625,1.86083984375,-156,16,batch_00116_protodune-orig-5-1-W.npz
0.015625,0.0234375,0,2,batch_00524_protodune-orig-7-1-W.npz
0.0946044921875,1.541748046875,-187,4,batch_00588_protodune-orig-1-0-W.npz
0.134521484375,3.31036376953125,-131,0,batch_00401_protodune-orig-2-0-W.npz
0.0367431640625,1.07818603515625,-147,1,batch_00679_protodune-orig-1-0-W.npz
0.30059814453125,0.30059814453125,0,1,batch_00185_protodune-orig-7-5-W.npz
0.48663330078125,0.48663330078125,0,1,batch_00045_protodune-orig-3-1-W.npz
0.82598876953125,4.6824951171875,-165,2,batch_00903_protodune-orig-5-3-W.npz
0.1641845703125,3.28973388671875,-180,0,batch_00306_protodune-orig-2-4-W.npz
0.06719970703125,1.50042724609375,-121,0,batch_00047_protodune-orig-4-2-W.npz
0.0206298828125,0.2178955078125,-168,0,batch_00373_protodune-orig-2-4-W.npz
0.5146484375,0.5146484375,0,1,batch_00274_protodune-orig-0-3-W.npz
0.02471923828125,0.59564208984375,-91,0,batch_00408_protodune-orig-6-4-W.npz
0.321533203125,0.559814453125,0,4,batch_00328_protodune-orig-5-0-W.npz
0.07659912109375,1.4454345703125,-184,13,batch_00154_protodune-orig-2-3-W.npz
0.08148193359375,2.10888671875,-101,0,batch_00830_protodune-orig-5-2-W.npz
0.0655517578125,0.0655517578125,0,1,batch_00673_protodune-orig-1-1-W.npz
0.278564453125,1.73992919921875,-184,4,batch_00765_protodune-orig-0-0-W.npz
0.4088134765625,2.1807861328125,-158,1,batch_00905_protodune-orig-9-2-W.npz
0.15679931640625,1.84100341796875,-177,5,batch_00100_protodune-orig-1-4-W.npz
0.02032470703125,0.26190185546875,-179,1,batch_00079_protodune-orig-4-2-W.npz
0.4814453125,2.1893310546875,-178,3,batch_00405_protodune-orig-9-4-W.npz
0.0994873046875,1.96246337890625,-107,0,batch_00284_protodune-orig-5-2-W.npz
0.3663330078125,7.99945068359375,-150,0,batch_00239_protodune-orig-7-4-W.npz
0.39068603515625,3.71337890625,-372,3,batch_00638_protodune-orig-8-0-W.npz
0.4150390625,2.40045166015625,-165,1,batch_00863_protodune-orig-2-0-W.npz
0.03802490234375,1.0767822265625,-102,6,batch_00599_protodune-orig-5-0-W.npz
0.60748291015625,7.5439453125,-443,6,batch_00952_protodune-orig-9-3-W.npz
0.04376220703125,1.49884033203125,-106,0,batch_00046_protodune-orig-8-1-W.npz
0.0885009765625,1.730224609375,-102,0,batch_00545_protodune-orig-2-2-W.npz
0.0478515625,3.28826904296875,-212,77,batch_00213_protodune-orig-8-5-W.npz
0.0225830078125,0.0225830078125,0,1,batch_00045_protodune-orig-0-4-W.npz
0.21099853515625,0.21099853515625,0,1,batch_00227_protodune-orig-4-3-W.npz
0.11676025390625,3.02008056640625,-151,0,batch_00540_protodune-orig-8-3-W.npz
0.42218017578125,0.42218017578125,0,1,batch_00535_protodune-orig-9-3-W.npz
0.13934326171875,2.0552978515625,-164,1,batch_00733_protodune-orig-8-5-W.npz
0.2491455078125,1.9720458984375,-147,1,batch_00338_protodune-orig-3-4-W.npz
0.202880859375,1.5802001953125,-181,7,batch_00055_protodune-orig-1-4-W.npz
0.015625,0.0234375,0,2,batch_00891_protodune-orig-0-2-W.npz
0.37103271484375,2.0498046875,-100,5,batch_00884_protodune-orig-9-2-W.npz
0.18353271484375,1.71630859375,-123,6,batch_00802_protodune-orig-3-5-W.npz
0.0531005859375,2.0167236328125,-117,0,batch_00967_protodune-orig-1-5-W.npz
0.01947021484375,1.3468017578125,-217,0,batch_00173_protodune-orig-7-0-W.npz
0.3125,0.85601806640625,0,6,batch_00785_protodune-orig-8-1-W.npz
0.08782958984375,1.615966796875,-102,17,batch_00121_protodune-orig-5-0-W.npz
0.4688720703125,1.4912109375,-149,2,batch_00986_protodune-orig-6-2-W.npz
0.07940673828125,5.17889404296875,-182,0,batch_00655_protodune-orig-6-2-W.npz
0.0482177734375,1.0941162109375,-173,0,batch_00086_protodune-orig-8-2-W.npz
0.00689697265625,0.30902099609375,-113,0,batch_00207_protodune-orig-0-2-W.npz
0.6533203125,2.18072509765625,-110,3,batch_00721_protodune-orig-3-2-W.npz
0.0546875,0.11395263671875,0,3,batch_00679_protodune-orig-3-0-W.npz
0.047119140625,1.5654296875,-117,0,batch_00843_protodune-orig-2-0-W.npz
0.53448486328125,1.62249755859375,-107,1,batch_00049_protodune-orig-9-5-W.npz
0.06378173828125,1.341064453125,-102,0,batch_00255_protodune-orig-1-2-W.npz
0.26177978515625,1.4921875,-98,2,batch_00025_protodune-orig-1-1-W.npz
0.01605224609375,1.07110595703125,-124,0,batch_00270_protodune-orig-2-3-W.npz
0.1612548828125,0.1612548828125,0,1,batch_00445_protodune-orig-7-1-W.npz
0.06439208984375,1.61138916015625,-189,2,batch_00181_protodune-orig-6-0-W.npz
0.05767822265625,1.332763671875,-103,0,batch_00314_protodune-orig-4-3-W.npz
0.99737548828125,2.2593994140625,-288,1,batch_00645_protodune-orig-6-5-W.npz
0.07366943359375,1.903564453125,-136,1,batch_00128_protodune-orig-0-2-W.npz
0.27655029296875,7.18927001953125,-103,0,batch_00412_protodune-orig-8-4-W.npz
0.8984375,0.8984375,0,1,batch_00157_protodune-orig-2-5-W.npz
1.0,1.4921875,1,2,batch_00942_protodune-orig-6-2-W.npz
0.05157470703125,1.65057373046875,-106,0,batch_00108_protodune-orig-1-5-W.npz
0.0198974609375,0.68609619140625,-120,0,batch_00809_protodune-orig-0-5-W.npz
0.3265380859375,1.5186767578125,-131,2,batch_00949_protodune-orig-2-5-W.npz
0.07928466796875,1.65753173828125,-121,0,batch_00971_protodune-orig-7-0-W.npz
0.112548828125,2.2769775390625,-121,0,batch_00939_protodune-orig-7-3-W.npz
0.026611328125,0.026611328125,0,1,batch_00888_protodune-orig-6-0-W.npz
0.235595703125,3.23211669921875,-117,11,batch_00756_protodune-orig-6-5-W.npz
0.52667236328125,4.31402587890625,-246,1,batch_00209_protodune-orig-3-0-W.npz
0.06707763671875,1.77044677734375,-263,14,batch_00968_protodune-orig-8-4-W.npz
0.3714599609375,2.393310546875,-167,1,batch_00402_protodune-orig-3-1-W.npz
0.7109375,0.8148193359375,0,2,batch_00762_protodune-orig-5-5-W.npz
0.06463623046875,1.33343505859375,-100,0,batch_00662_protodune-orig-9-4-W.npz
0.0516357421875,1.7901611328125,-129,3,batch_00387_protodune-orig-9-2-W.npz
0.3743896484375,1.72674560546875,-103,4,batch_00501_protodune-orig-8-1-W.npz
0.07464599609375,2.55987548828125,-114,0,batch_00123_protodune-orig-5-1-W.npz
0.505126953125,2.418212890625,-104,3,batch_00291_protodune-orig-0-2-W.npz
0.181396484375,0.181396484375,0,1,batch_00282_protodune-orig-0-0-W.npz
0.0084228515625,0.33782958984375,-113,0,batch_00648_protodune-orig-3-0-W.npz
0.017822265625,0.025634765625,-29,0,batch_00460_protodune-orig-0-2-W.npz
0.09283447265625,1.7957763671875,-113,0,batch_00826_protodune-orig-3-2-W.npz
0.0579833984375,1.48809814453125,-83,0,batch_00194_protodune-orig-3-4-W.npz
0.020263671875,0.020263671875,0,1,batch_00170_protodune-orig-2-0-W.npz
0.10150146484375,2.179443359375,-103,26,batch_00112_protodune-orig-7-2-W.npz
0.0230712890625,0.8095703125,-150,0,batch_00131_protodune-orig-5-1-W.npz
0.0250244140625,0.0250244140625,0,1,batch_00904_protodune-orig-0-3-W.npz
0.29937744140625,5.90350341796875,-211,0,batch_00291_protodune-orig-7-0-W.npz
0.050048828125,0.050048828125,0,1,batch_00597_protodune-orig-7-3-W.npz
0.09375,0.61773681640625,0,13,batch_00116_protodune-orig-4-1-W.npz
0.03656005859375,1.6539306640625,-177,0,batch_00867_protodune-orig-6-2-W.npz
0.086669921875,1.85968017578125,-134,0,batch_00916_protodune-orig-0-2-W.npz
0.01507568359375,0.14996337890625,-196,0,batch_00383_protodune-orig-4-5-W.npz
0.0234375,0.0234375,0,1,batch_00606_protodune-orig-3-0-W.npz
0.0888671875,0.09136962890625,-18,1,batch_00759_protodune-orig-9-1-W.npz
0.1953125,0.3663330078125,0,3,batch_00292_protodune-orig-9-1-W.npz
0.201171875,3.7724609375,-118,0,batch_00736_protodune-orig-3-3-W.npz
0.21612548828125,1.61627197265625,-162,2,batch_00643_protodune-orig-3-5-W.npz
0.1387939453125,1.0118408203125,-187,7,batch_00621_protodune-orig-9-0-W.npz
0.042236328125,1.4256591796875,-160,12,batch_00818_protodune-orig-6-1-W.npz
0.01654052734375,0.01654052734375,0,1,batch_00212_protodune-orig-9-1-W.npz
0.03533935546875,0.34033203125,-164,0,batch_00710_protodune-orig-9-2-W.npz
0.167724609375,3.38238525390625,-194,3,batch_00488_protodune-orig-6-3-W.npz
0.421875,0.43804931640625,0,2,batch_00082_protodune-orig-1-5-W.npz
0.2430419921875,1.96435546875,-172,2,batch_00728_protodune-orig-1-2-W.npz
0.0546875,0.0546875,0,1,batch_00106_protodune-orig-0-3-W.npz
0.30523681640625,1.71820068359375,-142,4,batch_00537_protodune-orig-6-5-W.npz
0.15838623046875,2.37799072265625,-275,4,batch_00345_protodune-orig-9-2-W.npz
0.1015625,1.49237060546875,0,20,batch_00064_protodune-orig-5-0-W.npz
0.05755615234375,0.99176025390625,-155,0,batch_00409_protodune-orig-6-2-W.npz
0.7578125,0.7578125,0,1,batch_00054_protodune-orig-9-4-W.npz
0.247314453125,1.37738037109375,-92,2,batch_00714_protodune-orig-1-1-W.npz
0.01080322265625,0.02001953125,-35,0,batch_00305_protodune-orig-6-5-W.npz
0.047119140625,1.12530517578125,-99,0,batch_00606_protodune-orig-0-4-W.npz
0.07843017578125,1.83709716796875,-151,0,batch_00233_protodune-orig-4-5-W.npz
0.01971435546875,0.37432861328125,-125,0,batch_00447_protodune-orig-9-4-W.npz
0.05755615234375,1.93011474609375,-106,0,batch_00299_protodune-orig-7-3-W.npz
0.09808349609375,1.8221435546875,-99,0,batch_00463_protodune-orig-6-4-W.npz
0.10296630859375,2.79644775390625,-113,0,batch_00876_protodune-orig-2-5-W.npz
0.2130126953125,3.47747802734375,-87,0,batch_00908_protodune-orig-2-0-W.npz
0.2366943359375,3.6512451171875,-87,0,batch_00126_protodune-orig-3-4-W.npz
0.166748046875,1.3466796875,-133,2,batch_00111_protodune-orig-7-5-W.npz
0.07391357421875,2.8787841796875,-133,0,batch_00155_protodune-orig-2-5-W.npz
0.065673828125,0.7066650390625,-165,0,batch_00551_protodune-orig-3-0-W.npz
0.5418701171875,1.78704833984375,-134,2,batch_00280_protodune-orig-3-3-W.npz
0.21075439453125,1.59283447265625,-94,8,batch_00232_protodune-orig-3-3-W.npz
0.06805419921875,1.47357177734375,-103,0,batch_00819_protodune-orig-7-2-W.npz
0.425048828125,8.3427734375,-135,0,batch_00095_protodune-orig-6-2-W.npz
0.52764892578125,1.87164306640625,-117,1,batch_00012_protodune-orig-2-3-W.npz
0.41259765625,6.95330810546875,-93,0,batch_00363_protodune-orig-0-2-W.npz
0.197998046875,5.313232421875,-93,0,batch_00318_protodune-orig-6-0-W.npz
0.25,0.60552978515625,0,4,batch_00001_protodune-orig-7-2-W.npz
0.02288818359375,0.8919677734375,-165,0,batch_00584_protodune-orig-8-5-W.npz
0.16351318359375,0.2132568359375,-156,3,batch_00504_protodune-orig-0-0-W.npz
0.0875244140625,4.44146728515625,-131,0,batch_00291_protodune-orig-5-5-W.npz
0.19122314453125,0.56982421875,-87,0,batch_00386_protodune-orig-9-3-W.npz
0.10009765625,1.95294189453125,-117,0,batch_00505_protodune-orig-7-3-W.npz
0.03125,0.20654296875,0,8,batch_00481_protodune-orig-6-1-W.npz
0.5255126953125,0.5255126953125,0,1,batch_00717_protodune-orig-2-5-W.npz
0.09649658203125,2.2198486328125,-174,0,batch_00630_protodune-orig-6-1-W.npz
0.0721435546875,0.0721435546875,0,1,batch_00658_protodune-orig-6-1-W.npz
0.452880859375,2.4609375,-137,5,batch_00970_protodune-orig-8-2-W.npz
0.19158935546875,2.2686767578125,-112,1,batch_00470_protodune-orig-4-1-W.npz
0.57879638671875,2.64691162109375,-174,1,batch_00335_protodune-orig-9-5-W.npz
0.0078125,0.286865234375,-96,0,batch_00625_protodune-orig-8-1-W.npz
0.0758056640625,1.77935791015625,-123,0,batch_00801_protodune-orig-7-3-W.npz
0.3624267578125,1.560546875,-109,2,batch_00771_protodune-orig-3-5-W.npz
0.06915283203125,1.6165771484375,-130,0,batch_00037_protodune-orig-8-0-W.npz
0.059814453125,1.3656005859375,-115,0,batch_00736_protodune-orig-5-0-W.npz
0.39141845703125,5.6689453125,-203,8,batch_00104_protodune-orig-2-2-W.npz
0.03125,0.03125,0,1,batch_00734_protodune-orig-0-3-W.npz
0.0234375,0.05999755859375,0,3,batch_00592_protodune-orig-7-4-W.npz
0.07293701171875,2.19891357421875,-136,1,batch_00252_protodune-orig-3-5-W.npz
0.039794921875,0.4820556640625,-97,0,batch_00578_protodune-orig-5-1-W.npz
0.533203125,1.99462890625,-91,1,batch_00243_protodune-orig-2-2-W.npz
0.2421875,0.561279296875,0,5,batch_00543_protodune-orig-9-0-W.npz
0.142578125,1.78668212890625,-114,0,batch_00166_protodune-orig-0-4-W.npz
0.0782470703125,2.2430419921875,-169,0,batch_00435_protodune-orig-3-4-W.npz
0.125,0.34674072265625,0,5,batch_00547_protodune-orig-2-5-W.npz
0.06829833984375,1.43389892578125,-178,12,batch_00358_protodune-orig-6-4-W.npz
0.08123779296875,1.97808837890625,-168,0,batch_00881_protodune-orig-1-4-W.npz
0.049560546875,0.81048583984375,-107,0,batch_00207_protodune-orig-8-1-W.npz
0.30718994140625,1.6214599609375,-85,2,batch_00955_protodune-orig-0-5-W.npz
0.02886962890625,0.2166748046875,-85,0,batch_00735_protodune-orig-0-5-W.npz
0.74774169921875,3.0570068359375,-137,2,batch_00102_protodune-orig-0-3-W.npz
0.455810546875,0.455810546875,0,1,batch_00788_protodune-orig-0-5-W.npz
0.556884765625,0.556884765625,0,1,batch_00581_protodune-orig-9-2-W.npz
0.09027099609375,1.8646240234375,-129,0,batch_00053_protodune-orig-4-0-W.npz
0.0859375,0.171875,0,2,batch_00329_protodune-orig-1-0-W.npz
0.01513671875,0.55413818359375,-91,0,batch_00419_protodune-orig-6-2-W.npz
0.068115234375,1.03863525390625,-94,2,batch_00121_protodune-orig-3-4-W.npz
0.3817138671875,1.617431640625,-126,1,batch_00725_protodune-orig-3-5-W.npz
0.08331298828125,2.1048583984375,-188,0,batch_00833_protodune-orig-3-1-W.npz
0.4078369140625,0.93109130859375,-105,1,batch_00742_protodune-orig-3-2-W.npz
0.2369384765625,4.57525634765625,-131,0,batch_00014_protodune-orig-9-4-W.npz
0.3515625,1.74066162109375,0,7,batch_00918_protodune-orig-1-1-W.npz
0.1845703125,5.82183837890625,-97,0,batch_00896_protodune-orig-8-1-W.npz
0.24853515625,3.99786376953125,-125,2,batch_00056_protodune-orig-8-3-W.npz
0.14715576171875,1.5943603515625,-167,6,batch_00933_protodune-orig-2-2-W.npz
0.203125,0.203125,0,1,batch_00497_protodune-orig-0-4-W.npz
0.0076904296875,0.03216552734375,-20,0,batch_00317_protodune-orig-4-2-W.npz
0.203125,0.37481689453125,0,2,batch_00903_protodune-orig-3-0-W.npz
0.0242919921875,0.0633544921875,-93,0,batch_00924_protodune-orig-2-4-W.npz
0.716796875,5.58953857421875,-400,2,batch_00360_protodune-orig-1-5-W.npz
0.04766845703125,1.42010498046875,-93,0,batch_00586_protodune-orig-8-1-W.npz
0.06146240234375,1.4346923828125,-245,9,batch_00255_protodune-orig-3-3-W.npz
0.06878662109375,1.2265625,-165,0,batch_00772_protodune-orig-4-0-W.npz
0.10980224609375,1.4854736328125,-169,7,batch_00509_protodune-orig-3-5-W.npz
0.08355712890625,4.48089599609375,-155,0,batch_00090_protodune-orig-6-4-W.npz
0.05230712890625,1.1644287109375,-96,1,batch_00048_protodune-orig-6-0-W.npz
0.475341796875,3.0206298828125,-194,1,batch_00094_protodune-orig-8-4-W.npz
0.125,0.25,0,2,batch_00204_protodune-orig-0-5-W.npz
0.0078125,0.00897216796875,0,2,batch_00998_protodune-orig-8-5-W.npz
0.11199951171875,2.463623046875,-163,0,batch_00459_protodune-orig-4-0-W.npz
0.3233642578125,1.86895751953125,-96,6,batch_00096_protodune-orig-7-4-W.npz
0.08697509765625,1.77374267578125,-121,0,batch_00241_protodune-orig-7-4-W.npz
0.16827392578125,3.13739013671875,-142,0,batch_00430_protodune-orig-9-1-W.npz
0.58074951171875,2.56475830078125,-179,3,batch_00901_protodune-orig-0-0-W.npz
0.3804931640625,8.86676025390625,-342,3,batch_00537_protodune-orig-9-0-W.npz
0.21820068359375,1.64447021484375,-164,1,batch_00505_protodune-orig-9-1-W.npz
0.03887939453125,1.81396484375,-143,2,batch_00263_protodune-orig-7-2-W.npz
0.11285400390625,2.0472412109375,-175,0,batch_00329_protodune-orig-9-2-W.npz
0.60845947265625,2.17718505859375,-140,2,batch_00594_protodune-orig-3-1-W.npz
0.18194580078125,2.2755126953125,-154,9,batch_00902_protodune-orig-5-1-W.npz
0.8511962890625,2.34747314453125,-183,1,batch_00030_protodune-orig-2-5-W.npz
0.3192138671875,2.67236328125,-112,0,batch_00034_protodune-orig-7-4-W.npz
0.3125,0.62451171875,0,3,batch_00257_protodune-orig-3-3-W.npz
0.046875,1.6307373046875,-108,0,batch_00566_protodune-orig-1-1-W.npz
0.21710205078125,2.5609130859375,-208,2,batch_00133_protodune-orig-2-2-W.npz
0.09271240234375,2.92608642578125,-92,0,batch_00200_protodune-orig-6-5-W.npz
0.092529296875,2.3079833984375,-269,6,batch_00622_protodune-orig-3-0-W.npz
0.3233642578125,1.9923095703125,-105,7,batch_00140_protodune-orig-8-1-W.npz
0.02471923828125,0.58294677734375,-87,0,batch_00733_protodune-orig-0-1-W.npz
0.06158447265625,1.52703857421875,-185,11,batch_00420_protodune-orig-5-5-W.npz
0.04327392578125,1.39520263671875,-101,0,batch_00178_protodune-orig-2-3-W.npz
0.79791259765625,10.47393798828125,-211,2,batch_00530_protodune-orig-9-2-W.npz
0.2734375,0.82501220703125,0,4,batch_00487_protodune-orig-6-2-W.npz
1.0,1.0,1,1,batch_00829_protodune-orig-1-2-W.npz
0.05255126953125,0.7333984375,-164,0,batch_00210_protodune-orig-8-2-W.npz
0.012451171875,0.53594970703125,-146,0,batch_00408_protodune-orig-3-0-W.npz
0.4010009765625,1.70526123046875,-129,3,batch_00922_protodune-orig-0-4-W.npz
0.83154296875,3.45159912109375,-115,1,batch_00942_protodune-orig-8-2-W.npz
0.244384765625,5.24273681640625,-114,0,batch_00709_protodune-orig-8-3-W.npz
0.1458740234375,2.755859375,-113,0,batch_00881_protodune-orig-6-2-W.npz
0.11083984375,1.67352294921875,-170,0,batch_00339_protodune-orig-5-5-W.npz
0.0166015625,0.56170654296875,-69,0,batch_00870_protodune-orig-3-0-W.npz
0.2578125,0.2578125,0,1,batch_00687_protodune-orig-0-4-W.npz
0.0703125,0.2232666015625,0,4,batch_00639_protodune-orig-0-1-W.npz
0.921875,0.921875,0,1,batch_00527_protodune-orig-0-1-W.npz
0.182373046875,1.64630126953125,-170,6,batch_00718_protodune-orig-9-3-W.npz
0.4217529296875,0.8173828125,-114,1,batch_00771_protodune-orig-9-5-W.npz
0.0382080078125,0.0382080078125,0,1,batch_00468_protodune-orig-4-5-W.npz
0.05267333984375,0.7711181640625,-133,0,batch_00010_protodune-orig-2-5-W.npz
0.23883056640625,2.08807373046875,-152,5,batch_00848_protodune-orig-6-2-W.npz
0.06964111328125,2.73175048828125,-141,1,batch_00497_protodune-orig-6-2-W.npz
0.17913818359375,0.17913818359375,0,1,batch_00460_protodune-orig-0-3-W.npz
0.53509521484375,2.15435791015625,-101,1,batch_00452_protodune-orig-5-4-W.npz
0.5321044921875,1.80535888671875,-124,3,batch_00725_protodune-orig-9-1-W.npz
0.0694580078125,1.481689453125,-104,0,batch_00748_protodune-orig-1-0-W.npz
0.1429443359375,4.0059814453125,-215,0,batch_00958_protodune-orig-2-1-W.npz
0.01983642578125,0.01983642578125,0,1,batch_00499_protodune-orig-7-2-W.npz
0.4482421875,9.71661376953125,-158,0,batch_00942_protodune-orig-5-0-W.npz
0.7286376953125,1.79852294921875,-106,1,batch_00849_protodune-orig-8-3-W.npz
0.1328125,2.62725830078125,-131,0,batch_00957_protodune-orig-5-0-W.npz
0.4388427734375,0.4388427734375,0,1,batch_00022_protodune-orig-4-1-W.npz
0.05157470703125,0.96820068359375,-112,0,batch_00227_protodune-orig-3-2-W.npz
0.17919921875,3.42431640625,-121,0,batch_00914_protodune-orig-9-5-W.npz
0.301513671875,0.301513671875,0,1,batch_00395_protodune-orig-0-3-W.npz
0.4375,0.4375,0,1,batch_00830_protodune-orig-5-5-W.npz
0.07366943359375,2.38592529296875,-196,0,batch_00008_protodune-orig-1-1-W.npz
0.0340576171875,0.59014892578125,-173,1,batch_00597_protodune-orig-3-1-W.npz
0.05352783203125,1.2412109375,-111,1,batch_00845_protodune-orig-5-4-W.npz
0.6796875,0.880126953125,0,2,batch_00263_protodune-orig-1-5-W.npz
0.06231689453125,1.3157958984375,-96,0,batch_00298_protodune-orig-8-3-W.npz
0.34912109375,1.48516845703125,-106,1,batch_00744_protodune-orig-8-3-W.npz
0.42120361328125,7.94842529296875,-536,3,batch_00161_protodune-orig-9-4-W.npz
0.01092529296875,0.03155517578125,-78,0,batch_00997_protodune-orig-1-0-W.npz
0.02545166015625,0.6322021484375,-90,0,batch_00323_protodune-orig-3-5-W.npz
0.0140380859375,0.0140380859375,-1,0,batch_00906_protodune-orig-7-1-W.npz
0.6361083984375,1.903564453125,-119,2,batch_00691_protodune-orig-6-0-W.npz
0.1663818359375,3.2918701171875,-152,0,batch_00012_protodune-orig-7-5-W.npz
0.13287353515625,1.62139892578125,-165,0,batch_00770_protodune-orig-2-0-W.npz
0.02410888671875,0.80975341796875,-99,0,batch_00011_protodune-orig-4-1-W.npz
0.0179443359375,0.5733642578125,-128,1,batch_00126_protodune-orig-1-5-W.npz
0.139404296875,2.54736328125,-83,0,batch_00349_protodune-orig-9-2-W.npz
0.192626953125,4.1822509765625,-98,0,batch_00582_protodune-orig-0-0-W.npz
0.056396484375,1.2139892578125,-94,0,batch_00443_protodune-orig-6-3-W.npz
0.0789794921875,2.4136962890625,-111,0,batch_00718_protodune-orig-8-2-W.npz
0.0694580078125,1.4677734375,-112,0,batch_00090_protodune-orig-7-2-W.npz
0.01287841796875,0.01287841796875,0,1,batch_00478_protodune-orig-4-5-W.npz
0.10968017578125,1.39422607421875,-134,0,batch_00498_protodune-orig-2-4-W.npz
0.21551513671875,1.6839599609375,-184,3,batch_00956_protodune-orig-5-1-W.npz
0.99517822265625,2.00457763671875,-164,1,batch_00741_protodune-orig-6-1-W.npz
0.0177001953125,0.39288330078125,-196,0,batch_00563_protodune-orig-2-3-W.npz
0.32757568359375,1.62841796875,-154,2,batch_00197_protodune-orig-5-4-W.npz
0.17547607421875,5.384521484375,-93,0,batch_00195_protodune-orig-7-4-W.npz
0.02215576171875,0.02215576171875,0,1,batch_00946_protodune-orig-2-4-W.npz
0.7421875,0.82586669921875,0,2,batch_00211_protodune-orig-0-5-W.npz
0.31561279296875,5.775146484375,-107,0,batch_00064_protodune-orig-8-2-W.npz
0.0133056640625,0.0133056640625,0,1,batch_00294_protodune-orig-9-5-W.npz
0.01239013671875,0.0357666015625,-84,0,batch_00633_protodune-orig-2-3-W.npz
0.01141357421875,0.01141357421875,0,1,batch_00399_protodune-orig-4-0-W.npz
1.0,1.0,1,1,batch_00482_protodune-orig-3-3-W.npz
0.04656982421875,0.15277099609375,0,4,batch_00299_protodune-orig-7-2-W.npz
0.046875,0.046875,0,1,batch_00538_protodune-orig-9-4-W.npz
0.5950927734375,2.945556640625,-126,2,batch_00718_protodune-orig-9-1-W.npz
0.144775390625,2.8341064453125,-123,0,batch_00384_protodune-orig-3-4-W.npz
0.15826416015625,2.48699951171875,-250,2,batch_00135_protodune-orig-4-0-W.npz
0.0439453125,1.3260498046875,-124,2,batch_00744_protodune-orig-9-5-W.npz
0.1146240234375,2.584228515625,-172,0,batch_00166_protodune-orig-4-4-W.npz
0.0655517578125,1.0933837890625,-107,0,batch_00744_protodune-orig-8-4-W.npz
0.57598876953125,2.11370849609375,-148,3,batch_00069_protodune-orig-4-4-W.npz
0.02630615234375,0.02630615234375,0,1,batch_00643_protodune-orig-1-3-W.npz
0.02227783203125,0.706298828125,-122,1,batch_00426_protodune-orig-6-5-W.npz
0.008056640625,0.2200927734375,-91,0,batch_00122_protodune-orig-0-2-W.npz
0.1038818359375,2.1640625,-112,0,batch_00067_protodune-orig-0-3-W.npz
0.01220703125,0.4429931640625,-95,0,batch_00320_protodune-orig-3-3-W.npz
0.12078857421875,2.5396728515625,-152,0,batch_00911_protodune-orig-2-0-W.npz
0.14263916015625,1.427001953125,-138,3,batch_00197_protodune-orig-6-2-W.npz
0.03155517578125,1.3880615234375,-181,2,batch_00678_protodune-orig-8-1-W.npz
0.14251708984375,3.15972900390625,-270,1,batch_00883_protodune-orig-8-3-W.npz
0.5958251953125,2.74761962890625,-94,1,batch_00073_protodune-orig-4-1-W.npz
0.007568359375,0.4105224609375,-183,2,batch_00430_protodune-orig-5-3-W.npz
0.54705810546875,0.54705810546875,0,1,batch_00618_protodune-orig-5-3-W.npz
0.065673828125,1.44415283203125,-118,0,batch_00173_protodune-orig-5-5-W.npz
0.01202392578125,0.01202392578125,0,1,batch_00012_protodune-orig-2-0-W.npz
0.01153564453125,0.3701171875,-91,0,batch_00030_protodune-orig-7-4-W.npz
0.0625,1.452392578125,0,37,batch_00940_protodune-orig-6-4-W.npz
0.0390625,0.04974365234375,0,2,batch_00121_protodune-orig-7-4-W.npz
0.0703125,0.1070556640625,0,2,batch_00084_protodune-orig-1-2-W.npz
0.01629638671875,0.51885986328125,-105,0,batch_00097_protodune-orig-0-1-W.npz
0.15020751953125,1.525390625,-225,0,batch_00488_protodune-orig-7-0-W.npz
0.0062255859375,0.184326171875,-133,0,batch_00867_protodune-orig-8-3-W.npz
0.2821044921875,0.2821044921875,0,1,batch_00928_protodune-orig-6-1-W.npz
0.1015625,0.1015625,0,1,batch_00791_protodune-orig-4-5-W.npz
0.01788330078125,0.2401123046875,-125,0,batch_00685_protodune-orig-1-2-W.npz
0.05560302734375,1.03717041015625,-141,0,batch_00931_protodune-orig-7-5-W.npz
0.1324462890625,2.1868896484375,-98,0,batch_00370_protodune-orig-9-1-W.npz
0.984375,0.984375,0,1,batch_00903_protodune-orig-5-0-W.npz
0.08648681640625,1.56793212890625,-200,8,batch_00364_protodune-orig-5-2-W.npz
0.06005859375,1.5166015625,-178,2,batch_00941_protodune-orig-5-0-W.npz
0.785888671875,4.92266845703125,-134,1,batch_00640_protodune-orig-4-1-W.npz
0.07977294921875,2.10986328125,-132,0,batch_00627_protodune-orig-1-4-W.npz
0.15625,0.52978515625,0,7,batch_00853_protodune-orig-1-1-W.npz
0.618408203125,17.29437255859375,-272,1,batch_00195_protodune-orig-8-4-W.npz
0.3359375,0.3359375,0,1,batch_00347_protodune-orig-6-0-W.npz
0.1483154296875,3.07342529296875,-138,0,batch_00532_protodune-orig-7-5-W.npz
0.8671875,0.8671875,0,1,batch_00836_protodune-orig-8-3-W.npz
0.044921875,1.156982421875,-157,2,batch_00328_protodune-orig-6-4-W.npz
0.3033447265625,2.2420654296875,-204,1,batch_00997_protodune-orig-6-0-W.npz
0.0638427734375,1.4295654296875,-102,0,batch_00964_protodune-orig-0-0-W.npz
0.13970947265625,0.34490966796875,-91,1,batch_00256_protodune-orig-8-2-W.npz
0.1571044921875,0.2982177734375,0,3,batch_00307_protodune-orig-3-1-W.npz
0.06298828125,2.08642578125,-135,0,batch_00893_protodune-orig-6-2-W.npz
0.48388671875,0.48388671875,0,1,batch_00034_protodune-orig-1-5-W.npz
0.06488037109375,0.06488037109375,0,1,batch_00267_protodune-orig-8-2-W.npz
0.09857177734375,2.20440673828125,-161,0,batch_00238_protodune-orig-0-4-W.npz
0.0274658203125,0.82171630859375,-101,0,batch_00914_protodune-orig-9-3-W.npz
0.1640625,1.1290283203125,0,12,batch_00828_protodune-orig-7-5-W.npz
0.070556640625,1.9732666015625,-228,5,batch_00143_protodune-orig-5-2-W.npz
0.282958984375,4.6527099609375,-90,0,batch_00335_protodune-orig-9-3-W.npz
0.0374755859375,0.52838134765625,-96,6,batch_00244_protodune-orig-5-5-W.npz
0.1640625,0.3992919921875,0,3,batch_00388_protodune-orig-2-3-W.npz
0.1197509765625,0.28887939453125,-129,0,batch_00987_protodune-orig-0-4-W.npz
0.0899658203125,2.5343017578125,-182,0,batch_00798_protodune-orig-0-2-W.npz
0.04071044921875,1.32879638671875,-112,1,batch_00449_protodune-orig-3-5-W.npz
0.03472900390625,1.0374755859375,-104,0,batch_00845_protodune-orig-1-0-W.npz
1.0,1.0390625,1,4,batch_00570_protodune-orig-3-1-W.npz
0.12701416015625,2.32666015625,-104,0,batch_00641_protodune-orig-4-2-W.npz
0.49774169921875,1.63458251953125,-118,2,batch_00746_protodune-orig-5-3-W.npz
0.29962158203125,1.862548828125,-166,4,batch_00711_protodune-orig-2-1-W.npz
0.01458740234375,0.23443603515625,-118,0,batch_00562_protodune-orig-2-0-W.npz
0.16705322265625,2.41522216796875,-95,0,batch_00994_protodune-orig-9-5-W.npz
0.0439453125,1.47802734375,-108,0,batch_00674_protodune-orig-9-1-W.npz
0.0697021484375,1.489990234375,-104,0,batch_00177_protodune-orig-3-3-W.npz
0.59942626953125,4.8663330078125,-112,1,batch_00993_protodune-orig-0-4-W.npz
0.14483642578125,3.51507568359375,-140,0,batch_00322_protodune-orig-4-5-W.npz
0.1519775390625,4.32562255859375,-91,0,batch_00368_protodune-orig-1-0-W.npz
0.0078125,0.0078125,0,1,batch_00961_protodune-orig-5-4-W.npz
0.4158935546875,2.30230712890625,-158,4,batch_00021_protodune-orig-1-3-W.npz
0.99957275390625,1.40789794921875,-203,1,batch_00720_protodune-orig-9-2-W.npz
0.62200927734375,2.31585693359375,-136,7,batch_00218_protodune-orig-5-2-W.npz
0.40264892578125,3.304443359375,-210,5,batch_00436_protodune-orig-0-5-W.npz
0.04217529296875,1.261962890625,-119,1,batch_00715_protodune-orig-4-3-W.npz
0.26043701171875,1.4298095703125,-103,1,batch_00609_protodune-orig-1-1-W.npz
0.22259521484375,1.84521484375,-138,5,batch_00401_protodune-orig-9-5-W.npz
0.25555419921875,4.55572509765625,-128,0,batch_00774_protodune-orig-3-1-W.npz
0.28192138671875,0.28192138671875,0,1,batch_00087_protodune-orig-1-3-W.npz
0.10809326171875,2.0528564453125,-220,0,batch_00561_protodune-orig-6-3-W.npz
0.0634765625,1.2464599609375,-118,5,batch_00448_protodune-orig-0-3-W.npz
0.344482421875,1.73748779296875,-96,1,batch_00294_protodune-orig-8-1-W.npz
0.05462646484375,1.5230712890625,-88,0,batch_00673_protodune-orig-2-3-W.npz
0.1640625,0.3203125,0,2,batch_00215_protodune-orig-4-3-W.npz
0.5,0.5,0,1,batch_00872_protodune-orig-9-0-W.npz
0.099609375,2.11138916015625,-145,0,batch_00224_protodune-orig-3-4-W.npz
0.3875732421875,2.1278076171875,-187,1,batch_00803_protodune-orig-0-1-W.npz
0.72467041015625,6.1361083984375,-144,1,batch_00659_protodune-orig-6-1-W.npz
0.0758056640625,1.50604248046875,-98,0,batch_00367_protodune-orig-9-4-W.npz
0.036376953125,1.05328369140625,-143,0,batch_00351_protodune-orig-7-5-W.npz
0.06793212890625,1.37493896484375,-99,0,batch_00992_protodune-orig-8-4-W.npz
0.1639404296875,1.3206787109375,-103,2,batch_00598_protodune-orig-6-1-W.npz
0.05963134765625,1.253173828125,-97,0,batch_00350_protodune-orig-1-4-W.npz
0.0234375,2.5428466796875,-310,9,batch_00450_protodune-orig-9-3-W.npz
0.20806884765625,1.047607421875,-224,1,batch_00705_protodune-orig-9-2-W.npz
0.0123291015625,0.18780517578125,-82,0,batch_00478_protodune-orig-0-5-W.npz
0.72564697265625,4.640380859375,-417,2,batch_00206_protodune-orig-3-2-W.npz
1.0,1.5736083984375,1,2,batch_00082_protodune-orig-4-2-W.npz
0.01348876953125,0.59100341796875,-113,0,batch_00742_protodune-orig-9-1-W.npz
0.22601318359375,4.2960205078125,-120,0,batch_00720_protodune-orig-1-5-W.npz
0.0703125,0.125,0,2,batch_00334_protodune-orig-8-4-W.npz
0.01837158203125,0.01837158203125,-1,0,batch_00876_protodune-orig-2-4-W.npz
0.3095703125,6.90533447265625,-110,0,batch_00138_protodune-orig-1-4-W.npz
0.3021240234375,8.0399169921875,-131,0,batch_00144_protodune-orig-5-1-W.npz
0.2318115234375,3.560791015625,-103,12,batch_00860_protodune-orig-5-5-W.npz
0.125,0.4007568359375,0,4,batch_00819_protodune-orig-2-5-W.npz
0.140625,0.140625,0,1,batch_00745_protodune-orig-9-3-W.npz
0.07696533203125,1.98004150390625,-182,0,batch_00472_protodune-orig-3-1-W.npz
0.140625,0.140625,0,1,batch_00962_protodune-orig-0-3-W.npz
0.6171875,0.6171875,0,1,batch_00130_protodune-orig-4-3-W.npz
0.24847412109375,2.6722412109375,-212,2,batch_00136_protodune-orig-7-0-W.npz
0.1544189453125,3.61590576171875,-139,0,batch_00997_protodune-orig-1-5-W.npz
0.1175537109375,2.4345703125,-90,0,batch_00377_protodune-orig-5-1-W.npz
0.802978515625,4.53228759765625,-182,1,batch_00008_protodune-orig-5-1-W.npz
0.32574462890625,1.54644775390625,-115,2,batch_00018_protodune-orig-4-5-W.npz
0.0704345703125,1.70794677734375,-158,0,batch_00748_protodune-orig-7-0-W.npz
0.29766845703125,0.29766845703125,0,1,batch_00176_protodune-orig-8-2-W.npz
0.15557861328125,2.770263671875,-103,0,batch_00156_protodune-orig-9-1-W.npz
0.01806640625,0.75067138671875,-161,1,batch_00111_protodune-orig-9-4-W.npz
0.22113037109375,4.2784423828125,-117,0,batch_00356_protodune-orig-0-2-W.npz
0.0625,0.0625,0,1,batch_00440_protodune-orig-8-5-W.npz
0.36932373046875,1.7247314453125,-96,5,batch_00022_protodune-orig-8-4-W.npz
0.05950927734375,0.05950927734375,0,1,batch_00052_protodune-orig-0-5-W.npz
0.13201904296875,1.3935546875,-113,1,batch_00552_protodune-orig-5-1-W.npz
0.90545654296875,1.08978271484375,0,2,batch_00382_protodune-orig-7-5-W.npz
0.01824951171875,0.4761962890625,-188,8,batch_00756_protodune-orig-3-3-W.npz
0.265625,0.89898681640625,0,5,batch_00447_protodune-orig-4-1-W.npz
0.1217041015625,2.40130615234375,-123,0,batch_00668_protodune-orig-2-1-W.npz
0.042236328125,1.6019287109375,-109,0,batch_00728_protodune-orig-2-5-W.npz
0.2574462890625,2.52935791015625,-200,1,batch_00774_protodune-orig-2-5-W.npz
0.04071044921875,1.2967529296875,-98,0,batch_00201_protodune-orig-6-3-W.npz
0.22515869140625,1.26910400390625,-96,1,batch_00142_protodune-orig-6-0-W.npz
0.07196044921875,1.45654296875,-101,0,batch_00212_protodune-orig-8-1-W.npz
0.578125,0.578125,0,1,batch_00076_protodune-orig-4-0-W.npz
0.22821044921875,4.89886474609375,-137,0,batch_00459_protodune-orig-9-0-W.npz
0.0576171875,1.3443603515625,-118,0,batch_00128_protodune-orig-0-4-W.npz
0.03125,1.53387451171875,-308,24,batch_00071_protodune-orig-3-2-W.npz
0.05096435546875,1.10943603515625,-129,1,batch_00387_protodune-orig-5-4-W.npz
0.01220703125,0.56939697265625,-122,0,batch_00628_protodune-orig-8-4-W.npz
0.3359375,1.11724853515625,0,10,batch_00861_protodune-orig-2-1-W.npz
0.56170654296875,1.89813232421875,-115,2,batch_00594_protodune-orig-3-4-W.npz
0.58856201171875,2.6422119140625,-200,1,batch_00194_protodune-orig-4-5-W.npz
0.46630859375,2.913330078125,-210,5,batch_00498_protodune-orig-4-3-W.npz
0.05804443359375,0.0635986328125,-33,1,batch_00745_protodune-orig-5-0-W.npz
0.58697509765625,1.7213134765625,-115,3,batch_00108_protodune-orig-4-1-W.npz
0.07391357421875,1.42547607421875,-310,1,batch_00022_protodune-orig-1-4-W.npz
0.06976318359375,1.17266845703125,-189,0,batch_00148_protodune-orig-5-3-W.npz
0.0609130859375,1.18743896484375,-167,2,batch_00594_protodune-orig-5-3-W.npz
0.171875,0.171875,0,1,batch_00112_protodune-orig-8-3-W.npz
0.9287109375,2.36737060546875,-132,2,batch_00429_protodune-orig-9-4-W.npz
0.089111328125,1.844482421875,-123,0,batch_00108_protodune-orig-0-1-W.npz
0.322021484375,1.54937744140625,-137,1,batch_00742_protodune-orig-1-3-W.npz
0.273193359375,1.7513427734375,-190,6,batch_00830_protodune-orig-4-5-W.npz
0.8695068359375,0.8695068359375,0,1,batch_00331_protodune-orig-3-5-W.npz
0.02520751953125,0.2530517578125,-105,0,batch_00831_protodune-orig-2-0-W.npz
0.0078125,0.0078125,0,1,batch_00379_protodune-orig-7-5-W.npz
0.0615234375,1.34124755859375,-106,0,batch_00043_protodune-orig-5-5-W.npz
0.006103515625,0.00616455078125,-2,0,batch_00255_protodune-orig-3-5-W.npz
0.07403564453125,2.14697265625,-119,0,batch_00827_protodune-orig-1-4-W.npz
0.32452392578125,0.41021728515625,0,2,batch_00491_protodune-orig-7-4-W.npz
0.240478515625,4.94677734375,-113,0,batch_00051_protodune-orig-9-5-W.npz
0.97723388671875,3.20806884765625,-209,1,batch_00123_protodune-orig-7-2-W.npz
0.12127685546875,2.42706298828125,-145,0,batch_00843_protodune-orig-4-5-W.npz
0.0152587890625,0.32562255859375,-145,0,batch_00911_protodune-orig-4-1-W.npz
0.0777587890625,1.8045654296875,-150,0,batch_00813_protodune-orig-4-4-W.npz
0.1771240234375,5.77691650390625,-607,3,batch_00840_protodune-orig-3-1-W.npz
0.0604248046875,1.3250732421875,-101,0,batch_00664_protodune-orig-5-2-W.npz
0.13348388671875,0.13348388671875,0,1,batch_00258_protodune-orig-0-2-W.npz
0.1788330078125,1.55474853515625,-135,1,batch_00287_protodune-orig-6-1-W.npz
0.02252197265625,0.02252197265625,-1,0,batch_00602_protodune-orig-9-2-W.npz
0.24560546875,1.8367919921875,-155,4,batch_00499_protodune-orig-0-4-W.npz
0.2120361328125,8.40118408203125,-131,0,batch_00150_protodune-orig-2-5-W.npz
0.0103759765625,0.23150634765625,-87,0,batch_00672_protodune-orig-3-1-W.npz
0.06781005859375,1.21710205078125,-103,1,batch_00273_protodune-orig-0-0-W.npz
0.09564208984375,2.24652099609375,-167,16,batch_00022_protodune-orig-4-2-W.npz
0.12371826171875,1.35089111328125,-133,2,batch_00167_protodune-orig-5-3-W.npz
0.5234375,0.5234375,0,1,batch_00452_protodune-orig-0-5-W.npz
0.02105712890625,0.76568603515625,-150,0,batch_00991_protodune-orig-0-1-W.npz
0.03314208984375,1.46307373046875,-211,0,batch_00434_protodune-orig-2-5-W.npz
0.10064697265625,1.80023193359375,-94,0,batch_00968_protodune-orig-0-4-W.npz
0.1011962890625,0.1011962890625,0,1,batch_00594_protodune-orig-9-5-W.npz
0.1575927734375,0.1575927734375,0,1,batch_00558_protodune-orig-3-3-W.npz
0.06024169921875,1.056640625,-206,7,batch_00308_protodune-orig-4-2-W.npz
0.0465087890625,0.0465087890625,0,1,batch_00434_protodune-orig-3-0-W.npz
0.97088623046875,7.041259765625,-284,1,batch_00455_protodune-orig-8-0-W.npz
0.21484375,4.100341796875,-152,0,batch_00924_protodune-orig-7-2-W.npz
0.70440673828125,0.70440673828125,0,1,batch_00293_protodune-orig-6-5-W.npz
0.043701171875,1.3262939453125,-90,0,batch_00685_protodune-orig-5-5-W.npz
0.0972900390625,3.578369140625,-120,0,batch_00283_protodune-orig-0-5-W.npz
0.3121337890625,2.01300048828125,-153,1,batch_00310_protodune-orig-9-1-W.npz
0.0546875,1.40948486328125,-93,25,batch_00170_protodune-orig-3-2-W.npz
0.0234375,0.20172119140625,0,12,batch_00867_protodune-orig-4-0-W.npz
0.1640625,0.47454833984375,0,4,batch_00535_protodune-orig-3-1-W.npz
0.28070068359375,4.5946044921875,-131,0,batch_00579_protodune-orig-6-4-W.npz
0.221923828125,1.9981689453125,-115,1,batch_00369_protodune-orig-3-3-W.npz
0.07818603515625,1.365234375,-116,0,batch_00418_protodune-orig-9-3-W.npz
0.14166259765625,2.49365234375,-125,0,batch_00354_protodune-orig-1-3-W.npz
0.1529541015625,4.4810791015625,-125,0,batch_00214_protodune-orig-0-3-W.npz
0.20361328125,1.39703369140625,-120,1,batch_00542_protodune-orig-8-3-W.npz
0.01495361328125,0.0977783203125,-200,16,batch_00161_protodune-orig-7-2-W.npz
0.18609619140625,1.589111328125,-177,3,batch_00522_protodune-orig-6-2-W.npz
0.24542236328125,1.45404052734375,-125,1,batch_00400_protodune-orig-9-0-W.npz
0.03497314453125,0.7392578125,-84,0,batch_00206_protodune-orig-4-0-W.npz
0.0654296875,1.347900390625,-89,0,batch_00060_protodune-orig-8-3-W.npz
0.52703857421875,2.14166259765625,-157,2,batch_00032_protodune-orig-5-3-W.npz
0.05023193359375,0.3861083984375,-186,0,batch_00107_protodune-orig-2-0-W.npz
0.0887451171875,2.5662841796875,-159,0,batch_00118_protodune-orig-9-2-W.npz
0.46270751953125,1.906005859375,-97,3,batch_00976_protodune-orig-6-5-W.npz
0.1640625,0.4921875,0,3,batch_00867_protodune-orig-4-3-W.npz
0.44805908203125,0.73858642578125,0,3,batch_00808_protodune-orig-6-4-W.npz
0.06097412109375,0.85028076171875,-105,0,batch_00298_protodune-orig-8-2-W.npz
0.65777587890625,1.89398193359375,-119,1,batch_00375_protodune-orig-4-4-W.npz
0.062744140625,1.52459716796875,-113,0,batch_00091_protodune-orig-1-3-W.npz
0.13433837890625,3.7769775390625,-126,0,batch_00884_protodune-orig-4-3-W.npz
0.0234375,0.91192626953125,0,63,batch_00657_protodune-orig-5-2-W.npz
0.16705322265625,3.10736083984375,-115,0,batch_00726_protodune-orig-5-4-W.npz
0.0859375,1.96612548828125,-150,0,batch_00847_protodune-orig-6-5-W.npz
0.157470703125,1.63726806640625,-194,6,batch_00160_protodune-orig-4-5-W.npz
0.2890625,0.2890625,0,1,batch_00654_protodune-orig-5-4-W.npz
0.14306640625,2.58026123046875,-104,0,batch_00636_protodune-orig-1-4-W.npz
0.52801513671875,4.61773681640625,-115,1,batch_00617_protodune-orig-6-1-W.npz
0.01123046875,0.58319091796875,-198,0,batch_00256_protodune-orig-0-1-W.npz
0.3653564453125,6.555419921875,-91,0,batch_00487_protodune-orig-9-4-W.npz
0.28607177734375,3.1068115234375,-86,2,batch_00445_protodune-orig-5-3-W.npz
0.08575439453125,1.76776123046875,-92,0,batch_00853_protodune-orig-8-4-W.npz
0.515625,0.515625,0,1,batch_00521_protodune-orig-6-1-W.npz
0.0975341796875,0.69879150390625,-188,10,batch_00490_protodune-orig-2-2-W.npz
0.0777587890625,0.0777587890625,0,1,batch_00062_protodune-orig-2-1-W.npz
0.196533203125,1.61956787109375,-155,1,batch_00192_protodune-orig-1-5-W.npz
0.38623046875,0.38623046875,0,1,batch_00842_protodune-orig-4-3-W.npz
0.12200927734375,2.84222412109375,-269,4,batch_00018_protodune-orig-6-5-W.npz
0.04449462890625,1.399658203125,-176,12,batch_00407_protodune-orig-8-2-W.npz
0.19427490234375,5.1256103515625,-136,0,batch_00514_protodune-orig-1-0-W.npz
0.4039306640625,6.4573974609375,-85,0,batch_00260_protodune-orig-7-5-W.npz
0.08709716796875,1.16357421875,-92,0,batch_00133_protodune-orig-2-4-W.npz
0.16314697265625,4.19287109375,-161,0,batch_00175_protodune-orig-2-0-W.npz
0.17230224609375,4.4049072265625,-234,11,batch_00520_protodune-orig-5-4-W.npz
0.10162353515625,2.6192626953125,-216,6,batch_00796_protodune-orig-7-0-W.npz
0.29937744140625,3.88909912109375,-309,2,batch_00316_protodune-orig-0-3-W.npz
0.48040771484375,1.69921875,-96,3,batch_00388_protodune-orig-8-3-W.npz
0.45001220703125,0.45001220703125,0,1,batch_00395_protodune-orig-3-1-W.npz
0.30303955078125,0.442138671875,0,3,batch_00695_protodune-orig-3-1-W.npz
0.03125,1.00372314453125,-86,32,batch_00406_protodune-orig-9-3-W.npz
0.19256591796875,0.19256591796875,0,1,batch_00502_protodune-orig-9-4-W.npz
0.86798095703125,2.5179443359375,-145,2,batch_00468_protodune-orig-6-0-W.npz
0.9921875,1.5731201171875,0,2,batch_00533_protodune-orig-9-0-W.npz
0.3782958984375,2.27783203125,-139,1,batch_00548_protodune-orig-3-5-W.npz
0.265625,0.48431396484375,0,2,batch_00435_protodune-orig-4-0-W.npz
0.0174560546875,0.539306640625,-120,1,batch_00187_protodune-orig-5-4-W.npz
0.0703125,0.1328125,0,2,batch_00584_protodune-orig-7-1-W.npz
0.1114501953125,2.963623046875,-240,10,batch_00228_protodune-orig-5-0-W.npz
0.0885009765625,1.59979248046875,-92,0,batch_00925_protodune-orig-0-3-W.npz
0.15728759765625,2.97491455078125,-120,0,batch_00969_protodune-orig-7-4-W.npz
0.03302001953125,0.03692626953125,-11,0,batch_00926_protodune-orig-9-3-W.npz
0.07940673828125,1.94476318359375,-103,0,batch_00406_protodune-orig-7-4-W.npz
0.08489990234375,1.06060791015625,-147,1,batch_00167_protodune-orig-2-0-W.npz
0.2510986328125,3.35076904296875,-143,14,batch_00940_protodune-orig-5-5-W.npz
0.2265625,0.2265625,0,1,batch_00011_protodune-orig-1-0-W.npz
0.1292724609375,2.7271728515625,-149,0,batch_00863_protodune-orig-6-0-W.npz
0.009033203125,0.009033203125,-1,0,batch_00687_protodune-orig-5-2-W.npz
0.29010009765625,1.853759765625,-154,1,batch_00735_protodune-orig-5-3-W.npz
0.28125,0.30810546875,0,2,batch_00115_protodune-orig-6-5-W.npz
0.02850341796875,0.8564453125,-133,0,batch_00120_protodune-orig-7-5-W.npz
0.21282958984375,3.8232421875,-129,0,batch_00587_protodune-orig-8-4-W.npz
0.01171875,0.01171875,0,1,batch_00446_protodune-orig-0-1-W.npz
0.011962890625,0.37701416015625,-115,0,batch_00268_protodune-orig-2-3-W.npz
0.0390625,0.3284912109375,-107,0,batch_00498_protodune-orig-4-5-W.npz
0.01971435546875,0.01971435546875,-1,0,batch_00005_protodune-orig-5-5-W.npz
0.0703125,0.1597900390625,0,3,batch_00150_protodune-orig-4-1-W.npz
0.032470703125,1.111572265625,-109,0,batch_00152_protodune-orig-8-3-W.npz
0.0692138671875,1.563232421875,-130,0,batch_00146_protodune-orig-5-1-W.npz
0.05291748046875,1.7783203125,-100,0,batch_00038_protodune-orig-8-3-W.npz
0.08453369140625,2.03814697265625,-106,0,batch_00063_protodune-orig-6-3-W.npz
0.02459716796875,0.360595703125,-190,1,batch_00140_protodune-orig-0-1-W.npz
0.30487060546875,0.30487060546875,0,1,batch_00707_protodune-orig-4-1-W.npz
0.31622314453125,1.7874755859375,-124,9,batch_00093_protodune-orig-9-0-W.npz
0.2890625,0.53533935546875,0,3,batch_00183_protodune-orig-0-2-W.npz
0.877685546875,3.5750732421875,-199,2,batch_00356_protodune-orig-0-1-W.npz
0.28759765625,1.84539794921875,-149,1,batch_00027_protodune-orig-6-5-W.npz
0.0537109375,1.22637939453125,-110,1,batch_00564_protodune-orig-7-3-W.npz
0.32257080078125,2.36346435546875,-185,1,batch_00274_protodune-orig-0-4-W.npz
0.515625,0.64410400390625,0,2,batch_00894_protodune-orig-6-0-W.npz
0.1640625,0.3841552734375,0,4,batch_00898_protodune-orig-3-4-W.npz
0.2603759765625,1.6004638671875,-112,2,batch_00229_protodune-orig-6-4-W.npz
0.09088134765625,1.8135986328125,-117,0,batch_00038_protodune-orig-1-5-W.npz
0.28125,0.3011474609375,0,2,batch_00582_protodune-orig-3-5-W.npz
0.06658935546875,2.0390625,-213,2,batch_00203_protodune-orig-1-3-W.npz
0.1845703125,2.99371337890625,-138,0,batch_00255_protodune-orig-0-0-W.npz
0.0390625,0.0390625,0,1,batch_00803_protodune-orig-3-1-W.npz
0.1171875,0.1171875,0,1,batch_00901_protodune-orig-5-4-W.npz
0.2691650390625,0.2691650390625,0,1,batch_00710_protodune-orig-3-1-W.npz
0.0390625,1.3309326171875,-107,0,batch_00543_protodune-orig-2-4-W.npz
0.34527587890625,1.69921875,-128,1,batch_00038_protodune-orig-5-4-W.npz
0.43438720703125,9.64447021484375,-155,0,batch_00110_protodune-orig-5-1-W.npz
0.015625,0.015625,0,1,batch_00602_protodune-orig-2-0-W.npz
0.6016845703125,0.6016845703125,0,1,batch_00142_protodune-orig-5-5-W.npz
0.5078125,0.5078125,0,1,batch_00593_protodune-orig-2-5-W.npz
0.21258544921875,0.21258544921875,0,1,batch_00873_protodune-orig-0-0-W.npz
1.0,1.0,1,1,batch_00926_protodune-orig-8-4-W.npz
0.296875,0.296875,0,1,batch_00613_protodune-orig-2-1-W.npz
0.17926025390625,1.38775634765625,-137,2,batch_00583_protodune-orig-4-1-W.npz
0.0234375,0.879638671875,-113,0,batch_00056_protodune-orig-9-5-W.npz
0.24755859375,1.99053955078125,-221,5,batch_00463_protodune-orig-0-3-W.npz
0.03717041015625,0.5374755859375,-168,0,batch_00918_protodune-orig-2-0-W.npz
0.3125,0.3125,0,1,batch_00283_protodune-orig-3-5-W.npz
0.04449462890625,1.38177490234375,-94,0,batch_00275_protodune-orig-8-3-W.npz
0.22235107421875,2.6368408203125,-211,2,batch_00291_protodune-orig-8-3-W.npz
0.1072998046875,2.275390625,-104,0,batch_00408_protodune-orig-9-5-W.npz
0.301513671875,1.51904296875,-144,2,batch_00578_protodune-orig-0-2-W.npz
0.05548095703125,1.08294677734375,-214,9,batch_00987_protodune-orig-7-1-W.npz
0.25,0.66357421875,0,4,batch_00870_protodune-orig-6-0-W.npz
0.27874755859375,5.17706298828125,-114,0,batch_00252_protodune-orig-6-4-W.npz
0.10552978515625,2.00738525390625,-153,7,batch_00355_protodune-orig-4-5-W.npz
0.1759033203125,3.45245361328125,-123,0,batch_00969_protodune-orig-4-2-W.npz
0.6484375,1.22979736328125,0,7,batch_00434_protodune-orig-0-4-W.npz
0.2421875,0.46844482421875,0,2,batch_00300_protodune-orig-9-5-W.npz
0.426025390625,8.05987548828125,-116,0,batch_00299_protodune-orig-9-4-W.npz
0.07379150390625,1.4061279296875,-93,0,batch_00313_protodune-orig-6-5-W.npz
0.29107666015625,1.53399658203125,-132,1,batch_00903_protodune-orig-9-4-W.npz
0.0745849609375,2.02178955078125,-84,0,batch_00314_protodune-orig-6-2-W.npz
0.04119873046875,0.7193603515625,-110,0,batch_00738_protodune-orig-2-5-W.npz
0.01611328125,0.01611328125,0,1,batch_00264_protodune-orig-5-3-W.npz
0.0523681640625,1.64056396484375,-186,1,batch_00318_protodune-orig-0-5-W.npz
0.17962646484375,1.61639404296875,-131,3,batch_00718_protodune-orig-0-0-W.npz
0.296875,0.31243896484375,0,2,batch_00394_protodune-orig-7-2-W.npz
0.10308837890625,1.54608154296875,-193,7,batch_00557_protodune-orig-6-0-W.npz
0.06866455078125,1.3701171875,-214,15,batch_00243_protodune-orig-8-4-W.npz
0.046630859375,2.32806396484375,-353,26,batch_00330_protodune-orig-0-3-W.npz
0.03594970703125,0.0439453125,-21,0,batch_00883_protodune-orig-4-4-W.npz
0.4765625,0.80291748046875,0,3,batch_00352_protodune-orig-6-4-W.npz
0.054931640625,1.679443359375,-113,0,batch_00855_protodune-orig-9-2-W.npz
0.015625,0.015625,0,1,batch_00648_protodune-orig-9-3-W.npz
0.06353759765625,1.881103515625,-104,0,batch_00173_protodune-orig-4-0-W.npz
0.03125,0.05908203125,0,3,batch_00722_protodune-orig-5-0-W.npz
0.1673583984375,3.7091064453125,-151,0,batch_00687_protodune-orig-7-1-W.npz
0.16015625,1.9716796875,-223,10,batch_00973_protodune-orig-4-5-W.npz
0.1263427734375,3.05072021484375,-148,0,batch_00451_protodune-orig-9-3-W.npz
0.402099609375,6.33258056640625,-83,0,batch_00027_protodune-orig-4-1-W.npz
0.00701904296875,0.1739501953125,-94,0,batch_00223_protodune-orig-1-3-W.npz
0.4393310546875,1.75250244140625,-121,2,batch_00153_protodune-orig-7-5-W.npz
0.015625,0.02178955078125,0,2,batch_00390_protodune-orig-0-1-W.npz
0.171875,0.171875,0,1,batch_00150_protodune-orig-1-4-W.npz
0.44195556640625,1.947998046875,-180,3,batch_00962_protodune-orig-7-4-W.npz
0.11798095703125,1.2623291015625,-98,1,batch_00711_protodune-orig-7-3-W.npz
0.031982421875,0.7220458984375,-218,14,batch_00218_protodune-orig-4-0-W.npz
0.30023193359375,7.050048828125,-131,0,batch_00783_protodune-orig-4-1-W.npz
0.16583251953125,3.518310546875,-150,0,batch_00449_protodune-orig-6-5-W.npz
0.07916259765625,0.07916259765625,0,1,batch_00947_protodune-orig-8-4-W.npz
0.0537109375,1.02734375,-239,1,batch_00982_protodune-orig-0-5-W.npz
0.14080810546875,3.380126953125,-139,0,batch_00747_protodune-orig-2-3-W.npz
0.08868408203125,1.723876953125,-103,0,batch_00258_protodune-orig-5-5-W.npz
0.09423828125,1.58013916015625,-172,8,batch_00992_protodune-orig-2-1-W.npz
0.09222412109375,1.31243896484375,-110,3,batch_00865_protodune-orig-6-2-W.npz
0.02496337890625,0.02496337890625,0,1,batch_00289_protodune-orig-9-3-W.npz
0.19183349609375,0.19183349609375,0,1,batch_00348_protodune-orig-6-5-W.npz
0.0078125,0.0234375,0,3,batch_00030_protodune-orig-1-0-W.npz
0.01300048828125,0.43719482421875,-86,0,batch_00666_protodune-orig-4-3-W.npz
0.03125,0.25311279296875,0,12,batch_00126_protodune-orig-3-3-W.npz
0.27301025390625,0.37158203125,0,2,batch_00701_protodune-orig-0-1-W.npz
0.055908203125,1.55718994140625,-102,24,batch_00061_protodune-orig-5-0-W.npz
0.219482421875,1.3994140625,-90,7,batch_00769_protodune-orig-5-3-W.npz
0.30010986328125,2.58123779296875,-129,0,batch_00298_protodune-orig-2-3-W.npz
0.3651123046875,2.67669677734375,-171,1,batch_00279_protodune-orig-3-4-W.npz
0.05712890625,1.822021484375,-110,0,batch_00654_protodune-orig-5-5-W.npz
0.3671875,0.59429931640625,-151,2,batch_00556_protodune-orig-9-0-W.npz
0.0283203125,0.55462646484375,-196,7,batch_00532_protodune-orig-6-0-W.npz
0.0667724609375,1.5987548828125,-149,11,batch_00474_protodune-orig-5-2-W.npz
0.534423828125,0.534423828125,0,1,batch_00153_protodune-orig-5-0-W.npz
0.08221435546875,2.08856201171875,-145,0,batch_00247_protodune-orig-9-3-W.npz
0.0836181640625,1.1502685546875,-111,0,batch_00189_protodune-orig-2-1-W.npz
0.13909912109375,1.47039794921875,-89,0,batch_00478_protodune-orig-1-1-W.npz
0.09246826171875,2.1240234375,-148,0,batch_00803_protodune-orig-0-0-W.npz
0.1419677734375,1.83636474609375,-182,7,batch_00862_protodune-orig-8-3-W.npz
0.015625,0.081298828125,0,7,batch_00594_protodune-orig-2-2-W.npz
0.0206298828125,0.0206298828125,-1,0,batch_00271_protodune-orig-4-0-W.npz
0.09454345703125,2.290283203125,-212,6,batch_00461_protodune-orig-8-4-W.npz
0.160888671875,1.89862060546875,-163,4,batch_00854_protodune-orig-6-1-W.npz
0.1798095703125,5.3955078125,-198,0,batch_00752_protodune-orig-2-2-W.npz
0.3907470703125,1.50250244140625,-106,1,batch_00865_protodune-orig-7-1-W.npz
0.04937744140625,1.4486083984375,-143,0,batch_00376_protodune-orig-0-1-W.npz
0.07293701171875,1.59796142578125,-103,0,batch_00015_protodune-orig-8-4-W.npz
0.78460693359375,17.96942138671875,-873,5,batch_00287_protodune-orig-8-4-W.npz
0.339111328125,2.1092529296875,-210,5,batch_00990_protodune-orig-3-5-W.npz
0.53179931640625,4.31024169921875,-401,2,batch_00003_protodune-orig-4-5-W.npz
0.102783203125,3.457763671875,-164,0,batch_00297_protodune-orig-6-2-W.npz
0.01324462890625,1.236083984375,-164,0,batch_00952_protodune-orig-7-4-W.npz
0.13214111328125,0.13214111328125,0,1,batch_00264_protodune-orig-5-1-W.npz
0.375,0.375,0,1,batch_00289_protodune-orig-0-0-W.npz
0.0078125,0.01885986328125,0,3,batch_00677_protodune-orig-9-1-W.npz
0.21575927734375,13.23931884765625,-900,26,batch_00281_protodune-orig-7-0-W.npz
1.0,1.0,1,1,batch_00048_protodune-orig-7-3-W.npz
0.0941162109375,1.97003173828125,-151,1,batch_00993_protodune-orig-3-1-W.npz
0.074462890625,1.51507568359375,-114,0,batch_00042_protodune-orig-2-5-W.npz
0.259521484375,1.77313232421875,-109,6,batch_00272_protodune-orig-3-2-W.npz
0.0548095703125,2.02825927734375,-188,7,batch_00628_protodune-orig-2-2-W.npz
0.25,0.67108154296875,0,4,batch_00617_protodune-orig-0-1-W.npz
0.464599609375,1.72784423828125,-152,3,batch_00076_protodune-orig-2-1-W.npz
0.1640625,1.03057861328125,0,13,batch_00530_protodune-orig-7-0-W.npz
0.12420654296875,2.45184326171875,-119,0,batch_00413_protodune-orig-3-4-W.npz
0.42919921875,0.42919921875,0,1,batch_00061_protodune-orig-0-3-W.npz
0.24176025390625,3.88385009765625,-250,10,batch_00950_protodune-orig-2-3-W.npz
0.279296875,5.24188232421875,-115,0,batch_00133_protodune-orig-0-5-W.npz
0.1529541015625,3.74749755859375,-152,0,batch_00699_protodune-orig-1-2-W.npz
0.3262939453125,1.151123046875,-102,1,batch_00778_protodune-orig-7-1-W.npz
0.0230712890625,0.81060791015625,-171,2,batch_00742_protodune-orig-7-1-W.npz
0.359375,0.38458251953125,0,2,batch_00675_protodune-orig-5-1-W.npz
0.05755615234375,1.24420166015625,-97,0,batch_00430_protodune-orig-7-2-W.npz
0.37872314453125,3.0455322265625,-234,3,batch_00314_protodune-orig-5-2-W.npz
0.1007080078125,2.33709716796875,-112,0,batch_00473_protodune-orig-4-0-W.npz
0.05914306640625,1.43853759765625,-117,1,batch_00823_protodune-orig-9-1-W.npz
0.1053466796875,2.01641845703125,-148,0,batch_00626_protodune-orig-0-1-W.npz
0.015625,0.015625,0,1,batch_00766_protodune-orig-5-3-W.npz
0.03948974609375,0.03948974609375,0,1,batch_00492_protodune-orig-1-2-W.npz
0.30352783203125,1.53857421875,-114,1,batch_00139_protodune-orig-0-0-W.npz
0.5,0.5,0,1,batch_00733_protodune-orig-7-4-W.npz
0.09039306640625,2.8648681640625,-170,0,batch_00360_protodune-orig-6-3-W.npz
0.3359375,0.75250244140625,0,4,batch_00021_protodune-orig-1-1-W.npz
0.07708740234375,1.71728515625,-135,0,batch_00598_protodune-orig-7-4-W.npz
0.09344482421875,1.83905029296875,-119,0,batch_00073_protodune-orig-0-2-W.npz
0.16107177734375,3.2791748046875,-154,0,batch_00922_protodune-orig-5-5-W.npz
0.27899169921875,10.5096435546875,-181,0,batch_00068_protodune-orig-6-5-W.npz
0.0264892578125,0.0264892578125,0,1,batch_00043_protodune-orig-4-1-W.npz
0.15740966796875,0.15740966796875,0,1,batch_00923_protodune-orig-7-5-W.npz
0.06768798828125,1.51019287109375,-112,0,batch_00444_protodune-orig-7-3-W.npz
0.05706787109375,1.3394775390625,-172,2,batch_00776_protodune-orig-0-5-W.npz
0.69781494140625,0.69781494140625,0,1,batch_00186_protodune-orig-4-0-W.npz
0.0396728515625,1.42962646484375,-108,0,batch_00662_protodune-orig-1-1-W.npz
0.052734375,0.9598388671875,-204,13,batch_00276_protodune-orig-6-0-W.npz
0.03729248046875,0.43548583984375,-128,0,batch_00726_protodune-orig-9-3-W.npz
0.30035400390625,5.11279296875,-108,0,batch_00951_protodune-orig-8-4-W.npz
0.14569091796875,0.14569091796875,0,1,batch_00160_protodune-orig-5-1-W.npz
0.05767822265625,1.36383056640625,-123,0,batch_00125_protodune-orig-2-5-W.npz
0.0238037109375,0.62188720703125,-91,0,batch_00431_protodune-orig-5-3-W.npz
0.1572265625,3.56622314453125,-168,0,batch_00676_protodune-orig-8-1-W.npz
0.83489990234375,3.79730224609375,-112,3,batch_00401_protodune-orig-0-2-W.npz
0.200927734375,6.84197998046875,-100,1,batch_00762_protodune-orig-0-3-W.npz
0.7298583984375,3.50616455078125,-292,1,batch_00069_protodune-orig-3-2-W.npz
0.05047607421875,0.06097412109375,-21,0,batch_00003_protodune-orig-9-4-W.npz
1.0,1.0,1,1,batch_00919_protodune-orig-4-3-W.npz
0.0635986328125,1.2088623046875,-106,0,batch_00741_protodune-orig-9-1-W.npz
0.1793212890625,3.3909912109375,-148,0,batch_00990_protodune-orig-5-5-W.npz
0.078125,0.1611328125,0,3,batch_00695_protodune-orig-1-4-W.npz
0.0936279296875,0.0936279296875,0,1,batch_00488_protodune-orig-3-3-W.npz
0.25970458984375,3.08160400390625,-306,1,batch_00076_protodune-orig-7-5-W.npz
0.07049560546875,2.0155029296875,-86,0,batch_00482_protodune-orig-7-1-W.npz
0.529052734375,2.259033203125,-194,1,batch_00371_protodune-orig-0-5-W.npz
0.15625,0.1788330078125,0,2,batch_00638_protodune-orig-5-0-W.npz
0.61151123046875,0.61151123046875,0,1,batch_00402_protodune-orig-0-5-W.npz
0.0491943359375,0.0491943359375,0,1,batch_00610_protodune-orig-2-3-W.npz
0.11810302734375,0.11810302734375,0,1,batch_00766_protodune-orig-7-1-W.npz
0.625,0.625,0,1,batch_00849_protodune-orig-6-1-W.npz
0.26483154296875,0.26483154296875,0,1,batch_00975_protodune-orig-6-5-W.npz
0.4041748046875,6.58880615234375,-90,0,batch_00620_protodune-orig-7-5-W.npz
0.6434326171875,2.16748046875,-140,1,batch_00633_protodune-orig-1-0-W.npz
0.12384033203125,3.07806396484375,-281,1,batch_00956_protodune-orig-6-3-W.npz
0.27423095703125,2.895751953125,-245,3,batch_00555_protodune-orig-8-5-W.npz
0.015625,0.050537109375,0,6,batch_00880_protodune-orig-3-4-W.npz
0.21478271484375,4.01031494140625,-126,0,batch_00117_protodune-orig-6-5-W.npz
0.0078125,0.0078125,0,1,batch_00327_protodune-orig-6-3-W.npz
0.50958251953125,2.958984375,-245,1,batch_00337_protodune-orig-0-2-W.npz
0.03204345703125,1.37158203125,-184,12,batch_00632_protodune-orig-1-3-W.npz
0.470703125,10.26385498046875,-280,9,batch_00347_protodune-orig-1-3-W.npz
0.046875,0.046875,0,1,batch_00339_protodune-orig-8-2-W.npz
0.29736328125,1.45770263671875,-121,1,batch_00644_protodune-orig-6-0-W.npz
0.02239990234375,0.1651611328125,-97,0,batch_00111_protodune-orig-3-1-W.npz
0.0477294921875,1.82720947265625,-191,1,batch_00340_protodune-orig-4-0-W.npz
0.0703125,0.07916259765625,0,2,batch_00482_protodune-orig-8-2-W.npz
0.2435302734375,0.2435302734375,0,1,batch_00687_protodune-orig-3-1-W.npz
0.21661376953125,4.55047607421875,-104,0,batch_00800_protodune-orig-8-2-W.npz
0.06658935546875,1.6678466796875,-162,1,batch_00028_protodune-orig-1-2-W.npz
0.140625,0.140625,0,1,batch_00262_protodune-orig-5-2-W.npz
0.96441650390625,2.4859619140625,-336,4,batch_00981_protodune-orig-2-2-W.npz
0.12786865234375,4.16552734375,-108,0,batch_00201_protodune-orig-8-3-W.npz
0.20477294921875,4.5447998046875,-370,1,batch_00070_protodune-orig-1-5-W.npz
0.29376220703125,1.987060546875,-101,8,batch_00737_protodune-orig-3-5-W.npz
0.5191650390625,0.60223388671875,0,2,batch_00801_protodune-orig-9-3-W.npz
0.125,0.125,0,1,batch_00289_protodune-orig-4-1-W.npz
0.03125,0.0740966796875,0,3,batch_00488_protodune-orig-2-2-W.npz
0.0411376953125,1.0885009765625,-95,6,batch_00616_protodune-orig-6-4-W.npz
0.5101318359375,3.34747314453125,-130,2,batch_00380_protodune-orig-3-0-W.npz
0.2462158203125,4.50823974609375,-118,0,batch_00908_protodune-orig-0-1-W.npz
0.03497314453125,0.03497314453125,-1,1,batch_00076_protodune-orig-0-2-W.npz
0.04791259765625,0.8818359375,-164,0,batch_00296_protodune-orig-1-1-W.npz
0.4345703125,5.27960205078125,-295,1,batch_00777_protodune-orig-4-3-W.npz
0.078125,0.44244384765625,0,8,batch_00232_protodune-orig-5-5-W.npz
0.04058837890625,1.25140380859375,-92,0,batch_00475_protodune-orig-3-0-W.npz
0.54107666015625,0.982421875,0,4,batch_00577_protodune-orig-0-0-W.npz
0.1519775390625,3.5078125,-133,0,batch_00562_protodune-orig-4-0-W.npz
0.42584228515625,10.99407958984375,-388,3,batch_00169_protodune-orig-0-5-W.npz
0.03289794921875,1.13287353515625,-134,0,batch_00424_protodune-orig-6-5-W.npz
0.06121826171875,1.49761962890625,-140,1,batch_00830_protodune-orig-8-3-W.npz
0.0081787109375,0.0167236328125,-32,0,batch_00470_protodune-orig-0-3-W.npz
0.03240966796875,0.87298583984375,-152,0,batch_00563_protodune-orig-8-5-W.npz
0.296875,3.14324951171875,-167,1,batch_00907_protodune-orig-7-0-W.npz
0.15985107421875,0.15985107421875,0,1,batch_00910_protodune-orig-0-1-W.npz
0.1114501953125,2.3692626953125,-152,0,batch_00122_protodune-orig-3-5-W.npz
0.209716796875,0.209716796875,0,1,batch_00408_protodune-orig-8-0-W.npz
0.4703369140625,2.52001953125,-200,4,batch_00810_protodune-orig-5-3-W.npz
0.0888671875,1.8668212890625,-128,0,batch_00169_protodune-orig-6-3-W.npz
0.10150146484375,2.3814697265625,-125,0,batch_00181_protodune-orig-4-4-W.npz
0.399658203125,7.61993408203125,-122,0,batch_00504_protodune-orig-6-4-W.npz
0.06512451171875,1.61566162109375,-178,1,batch_00437_protodune-orig-5-3-W.npz
0.0234375,0.05413818359375,0,3,batch_00923_protodune-orig-1-3-W.npz
0.95660400390625,0.95660400390625,0,1,batch_00069_protodune-orig-7-4-W.npz
0.11328125,2.27325439453125,-134,0,batch_00597_protodune-orig-2-3-W.npz
0.07025146484375,1.89654541015625,-197,1,batch_00967_protodune-orig-2-5-W.npz
0.26727294921875,0.31085205078125,0,2,batch_00955_protodune-orig-4-2-W.npz
0.06524658203125,0.9190673828125,-103,0,batch_00410_protodune-orig-0-0-W.npz
0.07574462890625,1.79058837890625,-168,0,batch_00092_protodune-orig-7-3-W.npz
0.16632080078125,3.31951904296875,-119,0,batch_00141_protodune-orig-5-5-W.npz
0.078125,1.6783447265625,-104,18,batch_00697_protodune-orig-8-0-W.npz
0.00701904296875,0.00701904296875,-1,0,batch_00358_protodune-orig-0-1-W.npz
0.071533203125,1.93951416015625,-184,0,batch_00125_protodune-orig-5-4-W.npz
0.47637939453125,4.192626953125,-311,1,batch_00497_protodune-orig-9-5-W.npz
0.05517578125,1.20257568359375,-94,0,batch_00036_protodune-orig-1-1-W.npz
0.0975341796875,1.74969482421875,-124,0,batch_00696_protodune-orig-0-2-W.npz
0.09613037109375,1.96405029296875,-128,0,batch_00585_protodune-orig-1-2-W.npz
0.00909423828125,0.00909423828125,0,1,batch_00033_protodune-orig-6-0-W.npz
0.082763671875,2.32550048828125,-89,0,batch_00924_protodune-orig-5-4-W.npz
0.23101806640625,4.41845703125,-120,0,batch_00774_protodune-orig-4-3-W.npz
0.0643310546875,0.71319580078125,-170,11,batch_00942_protodune-orig-5-4-W.npz
0.0281982421875,0.0281982421875,-1,0,batch_00780_protodune-orig-9-3-W.npz
0.046875,0.046875,0,1,batch_00625_protodune-orig-1-1-W.npz
0.23504638671875,5.3492431640625,-149,0,batch_00293_protodune-orig-7-2-W.npz
0.1324462890625,1.9215087890625,-202,1,batch_00144_protodune-orig-7-3-W.npz
0.1602783203125,2.96441650390625,-103,0,batch_00136_protodune-orig-1-1-W.npz
0.08319091796875,0.08319091796875,0,1,batch_00848_protodune-orig-9-2-W.npz
0.392578125,1.379150390625,-151,5,batch_00509_protodune-orig-5-3-W.npz
0.25616455078125,0.25616455078125,0,1,batch_00758_protodune-orig-4-4-W.npz
0.21771240234375,1.864990234375,-152,5,batch_00234_protodune-orig-0-0-W.npz
0.33154296875,6.0784912109375,-159,1,batch_00659_protodune-orig-0-3-W.npz
0.08782958984375,2.7938232421875,-98,0,batch_00875_protodune-orig-1-0-W.npz
0.4002685546875,1.6104736328125,-119,2,batch_00343_protodune-orig-2-3-W.npz
0.03125,0.250244140625,0,13,batch_00301_protodune-orig-8-4-W.npz
0.03546142578125,1.39959716796875,-150,0,batch_00451_protodune-orig-3-5-W.npz
0.324462890625,1.90313720703125,-155,2,batch_00154_protodune-orig-7-5-W.npz
0.43359375,0.43359375,0,1,batch_00518_protodune-orig-0-5-W.npz
0.29595947265625,0.29595947265625,0,1,batch_00711_protodune-orig-3-1-W.npz
0.28125,0.421630859375,0,2,batch_00285_protodune-orig-8-0-W.npz
0.30584716796875,0.30584716796875,0,1,batch_00034_protodune-orig-1-0-W.npz
0.2059326171875,2.69171142578125,-175,10,batch_00768_protodune-orig-0-3-W.npz
0.068359375,1.6810302734375,-174,1,batch_00342_protodune-orig-7-4-W.npz
0.14239501953125,2.337646484375,-109,0,batch_00938_protodune-orig-6-3-W.npz
0.15191650390625,1.57318115234375,-172,8,batch_00931_protodune-orig-4-3-W.npz
0.15655517578125,1.384521484375,-100,4,batch_00677_protodune-orig-2-1-W.npz
0.11431884765625,2.77203369140625,-95,0,batch_00288_protodune-orig-0-1-W.npz
0.13818359375,1.561279296875,-176,3,batch_00060_protodune-orig-5-3-W.npz
0.37664794921875,10.28533935546875,-170,0,batch_00898_protodune-orig-0-2-W.npz
0.31683349609375,2.159912109375,-230,4,batch_00937_protodune-orig-2-1-W.npz
0.0625,0.0625,0,1,batch_00207_protodune-orig-6-2-W.npz
0.047607421875,0.82794189453125,-136,0,batch_00513_protodune-orig-1-3-W.npz
0.07965087890625,1.6373291015625,-117,0,batch_00650_protodune-orig-6-4-W.npz
0.04290771484375,0.04290771484375,0,1,batch_00428_protodune-orig-3-2-W.npz
0.0235595703125,0.25048828125,-100,0,batch_00090_protodune-orig-9-0-W.npz
0.3416748046875,0.3416748046875,0,1,batch_00051_protodune-orig-0-2-W.npz
0.18896484375,4.6121826171875,-173,0,batch_00963_protodune-orig-7-2-W.npz
0.0321044921875,1.00274658203125,-105,0,batch_00849_protodune-orig-3-1-W.npz
0.18914794921875,2.68621826171875,-211,11,batch_00557_protodune-orig-4-0-W.npz
0.07952880859375,1.57830810546875,-107,0,batch_00711_protodune-orig-5-4-W.npz
0.527587890625,5.39459228515625,-269,1,batch_00755_protodune-orig-6-5-W.npz
0.4609375,0.52178955078125,0,2,batch_00122_protodune-orig-3-4-W.npz
0.4609375,0.5721435546875,0,2,batch_00674_protodune-orig-3-1-W.npz
0.017578125,0.5556640625,-115,0,batch_00550_protodune-orig-4-2-W.npz
0.07928466796875,1.5074462890625,-96,0,batch_00046_protodune-orig-8-0-W.npz
0.29620361328125,2.152099609375,-175,2,batch_00849_protodune-orig-0-2-W.npz
0.91796875,0.91796875,0,1,batch_00201_protodune-orig-2-0-W.npz
0.235107421875,4.46990966796875,-121,0,batch_00314_protodune-orig-1-3-W.npz
0.53741455078125,2.252197265625,-174,3,batch_00040_protodune-orig-1-5-W.npz
0.217041015625,6.128662109375,-86,0,batch_00257_protodune-orig-2-1-W.npz
0.03436279296875,0.03436279296875,0,1,batch_00677_protodune-orig-6-2-W.npz
0.0416259765625,1.09619140625,-125,0,batch_00457_protodune-orig-3-5-W.npz
0.06378173828125,1.326904296875,-100,0,batch_00745_protodune-orig-6-2-W.npz
0.00836181640625,0.1812744140625,-90,0,batch_00743_protodune-orig-5-1-W.npz
0.0078125,0.015625,0,2,batch_00154_protodune-orig-7-1-W.npz
0.24334716796875,5.87445068359375,-131,0,batch_00004_protodune-orig-7-1-W.npz
0.08642578125,1.82952880859375,-112,0,batch_00010_protodune-orig-7-1-W.npz
0.27166748046875,2.58868408203125,-105,1,batch_00680_protodune-orig-9-0-W.npz
0.083740234375,1.8031005859375,-149,1,batch_00577_protodune-orig-3-5-W.npz
0.42279052734375,1.7613525390625,-112,3,batch_00096_protodune-orig-5-1-W.npz
0.08709716796875,1.744384765625,-107,0,batch_00374_protodune-orig-2-5-W.npz
0.0264892578125,1.0802001953125,-190,1,batch_00240_protodune-orig-8-0-W.npz
0.05487060546875,1.634033203125,-165,0,batch_00490_protodune-orig-8-5-W.npz
0.0255126953125,0.35125732421875,-120,0,batch_00917_protodune-orig-5-3-W.npz
0.9976806640625,6.24749755859375,-345,1,batch_00469_protodune-orig-3-0-W.npz
0.0806884765625,1.1470947265625,-95,1,batch_00140_protodune-orig-9-3-W.npz
0.4140625,0.4140625,0,1,batch_00720_protodune-orig-9-4-W.npz
0.7525634765625,2.81884765625,-86,3,batch_00989_protodune-orig-2-3-W.npz
0.1015625,0.1015625,0,1,batch_00714_protodune-orig-4-0-W.npz
0.15997314453125,0.15997314453125,0,1,batch_00850_protodune-orig-2-3-W.npz
0.33416748046875,0.33416748046875,0,1,batch_00074_protodune-orig-0-4-W.npz
0.04443359375,1.20892333984375,-137,0,batch_00944_protodune-orig-9-5-W.npz
0.09417724609375,0.09417724609375,0,1,batch_00584_protodune-orig-5-5-W.npz
0.03961181640625,1.37628173828125,-168,11,batch_00747_protodune-orig-1-1-W.npz
0.0654296875,1.53436279296875,-138,0,batch_00982_protodune-orig-8-0-W.npz
0.0703125,0.0703125,0,1,batch_00197_protodune-orig-9-2-W.npz
0.85302734375,16.42791748046875,-230,1,batch_00610_protodune-orig-3-3-W.npz
0.00811767578125,0.40692138671875,-154,0,batch_00923_protodune-orig-3-2-W.npz
0.4375,0.899658203125,0,3,batch_00529_protodune-orig-2-4-W.npz
0.31640625,3.52349853515625,-130,0,batch_00317_protodune-orig-8-3-W.npz
0.05328369140625,1.21112060546875,-107,0,batch_00708_protodune-orig-1-4-W.npz
0.59027099609375,2.9405517578125,-187,2,batch_00224_protodune-orig-7-0-W.npz
0.0859375,0.10418701171875,0,2,batch_00789_protodune-orig-3-0-W.npz
0.09356689453125,1.84906005859375,-111,0,batch_00241_protodune-orig-2-4-W.npz
0.14703369140625,0.14703369140625,0,1,batch_00309_protodune-orig-2-0-W.npz
0.4801025390625,1.8394775390625,-139,1,batch_00975_protodune-orig-2-3-W.npz
0.4140625,1.35113525390625,0,5,batch_00533_protodune-orig-4-3-W.npz
0.27069091796875,0.5107421875,0,4,batch_00430_protodune-orig-0-1-W.npz
0.0479736328125,1.2421875,-108,0,batch_00491_protodune-orig-8-1-W.npz
0.00885009765625,0.26123046875,-102,0,batch_00902_protodune-orig-8-0-W.npz
0.1484375,0.35443115234375,0,3,batch_00900_protodune-orig-3-5-W.npz
0.05078125,1.2452392578125,-114,0,batch_00833_protodune-orig-0-0-W.npz
0.121826171875,0.121826171875,0,1,batch_00683_protodune-orig-4-4-W.npz
0.02197265625,0.18218994140625,-178,8,batch_00648_protodune-orig-2-1-W.npz
0.2421875,0.7794189453125,0,7,batch_00255_protodune-orig-1-0-W.npz
0.02264404296875,0.5076904296875,-132,0,batch_00381_protodune-orig-7-5-W.npz
0.0390625,0.18670654296875,0,6,batch_00964_protodune-orig-7-3-W.npz
0.0289306640625,1.485107421875,-204,13,batch_00571_protodune-orig-9-2-W.npz
0.2386474609375,0.2386474609375,0,1,batch_00278_protodune-orig-9-2-W.npz
0.12451171875,2.14837646484375,-108,0,batch_00453_protodune-orig-8-3-W.npz
0.36370849609375,2.21905517578125,-120,1,batch_00512_protodune-orig-4-4-W.npz
0.05572509765625,0.7861328125,-139,0,batch_00684_protodune-orig-0-1-W.npz
0.2403564453125,11.3355712890625,-164,0,batch_00482_protodune-orig-6-5-W.npz
0.1484375,0.2879638671875,0,2,batch_00948_protodune-orig-5-1-W.npz
0.2308349609375,1.72760009765625,-143,2,batch_00692_protodune-orig-4-3-W.npz
0.01470947265625,0.01470947265625,0,1,batch_00903_protodune-orig-2-4-W.npz
0.0587158203125,1.78851318359375,-137,0,batch_00258_protodune-orig-4-5-W.npz
0.073974609375,1.65655517578125,-133,0,batch_00718_protodune-orig-6-4-W.npz
0.0394287109375,1.407470703125,-113,1,batch_00376_protodune-orig-3-5-W.npz
0.17828369140625,3.54901123046875,-140,0,batch_00111_protodune-orig-6-0-W.npz
0.63043212890625,1.955078125,-116,1,batch_00047_protodune-orig-2-0-W.npz
0.1484375,0.1484375,0,1,batch_00362_protodune-orig-7-1-W.npz
0.32196044921875,3.48992919921875,-113,0,batch_00606_protodune-orig-9-1-W.npz
0.7176513671875,1.1854248046875,-177,2,batch_00680_protodune-orig-2-1-W.npz
0.12445068359375,1.8089599609375,-102,0,batch_00881_protodune-orig-0-3-W.npz
0.06719970703125,1.62548828125,-215,12,batch_00600_protodune-orig-9-4-W.npz
0.04296875,0.7061767578125,-134,0,batch_00147_protodune-orig-0-1-W.npz
0.212646484375,0.212646484375,0,1,batch_00034_protodune-orig-6-1-W.npz
0.08868408203125,1.80877685546875,-194,0,batch_00627_protodune-orig-7-2-W.npz
0.18475341796875,0.18475341796875,-1,0,batch_00365_protodune-orig-7-5-W.npz
0.01593017578125,0.41485595703125,-169,0,batch_00147_protodune-orig-8-2-W.npz
0.10504150390625,2.16278076171875,-136,0,batch_00240_protodune-orig-7-5-W.npz
0.33184814453125,0.33184814453125,0,1,batch_00074_protodune-orig-9-2-W.npz
0.01226806640625,0.01226806640625,-1,0,batch_00036_protodune-orig-8-3-W.npz
0.328125,0.36724853515625,0,2,batch_00125_protodune-orig-0-4-W.npz
0.10919189453125,2.639404296875,-165,0,batch_00649_protodune-orig-8-2-W.npz
0.08209228515625,1.967529296875,-134,0,batch_00470_protodune-orig-3-5-W.npz
0.02783203125,0.91046142578125,-107,0,batch_00067_protodune-orig-5-1-W.npz
0.58349609375,1.88623046875,-118,1,batch_00287_protodune-orig-2-0-W.npz
0.4453125,0.4453125,0,1,batch_00038_protodune-orig-4-3-W.npz
0.015625,0.0234375,0,2,batch_00707_protodune-orig-0-2-W.npz
0.0755615234375,1.9913330078125,-129,0,batch_00977_protodune-orig-5-1-W.npz
0.2666015625,0.31036376953125,0,2,batch_00960_protodune-orig-2-0-W.npz
0.091552734375,1.87506103515625,-203,1,batch_00458_protodune-orig-9-3-W.npz
0.1649169921875,3.1414794921875,-124,0,batch_00010_protodune-orig-3-4-W.npz
0.0494384765625,0.0494384765625,0,1,batch_00598_protodune-orig-1-1-W.npz
0.00933837890625,0.28131103515625,-113,0,batch_00719_protodune-orig-2-3-W.npz
0.05035400390625,1.3917236328125,-154,3,batch_00410_protodune-orig-1-4-W.npz
0.029541015625,1.48553466796875,-170,0,batch_01000_protodune-orig-7-2-W.npz
0.15350341796875,1.6229248046875,-154,5,batch_00006_protodune-orig-1-2-W.npz
0.1094970703125,1.858642578125,-86,0,batch_00150_protodune-orig-4-4-W.npz
0.12823486328125,0.1373291015625,0,2,batch_00285_protodune-orig-3-3-W.npz
0.08447265625,2.1915283203125,-147,0,batch_00545_protodune-orig-4-2-W.npz
0.10577392578125,1.380615234375,-123,1,batch_00204_protodune-orig-8-5-W.npz
0.00830078125,0.19549560546875,-92,0,batch_00367_protodune-orig-5-0-W.npz
0.4609375,0.47125244140625,0,2,batch_00604_protodune-orig-8-4-W.npz
0.02398681640625,0.6600341796875,-93,0,batch_00039_protodune-orig-4-5-W.npz
0.6015625,0.6015625,0,1,batch_00420_protodune-orig-8-2-W.npz
0.27203369140625,1.48553466796875,-103,1,batch_00892_protodune-orig-9-1-W.npz
0.8848876953125,1.08984375,-114,2,batch_00985_protodune-orig-4-3-W.npz
0.59619140625,8.10986328125,-253,1,batch_00981_protodune-orig-2-4-W.npz
0.2474365234375,7.410400390625,-314,3,batch_00159_protodune-orig-8-3-W.npz
0.0234375,0.17596435546875,0,9,batch_00163_protodune-orig-8-1-W.npz
0.4453125,0.4453125,0,1,batch_00666_protodune-orig-3-1-W.npz
0.05010986328125,0.44598388671875,-90,0,batch_00121_protodune-orig-4-1-W.npz
1.0,1.0,1,1,batch_00572_protodune-orig-2-2-W.npz
0.75421142578125,12.9913330078125,-282,1,batch_00385_protodune-orig-8-1-W.npz
0.07666015625,1.81146240234375,-152,0,batch_00015_protodune-orig-3-5-W.npz
0.67535400390625,2.325927734375,-169,1,batch_00297_protodune-orig-6-3-W.npz
0.22064208984375,0.22064208984375,0,1,batch_00651_protodune-orig-3-0-W.npz
0.1597900390625,1.5963134765625,-155,5,batch_00673_protodune-orig-7-1-W.npz
0.111572265625,0.19342041015625,0,2,batch_00915_protodune-orig-5-2-W.npz
0.02362060546875,0.35321044921875,-160,1,batch_00889_protodune-orig-5-5-W.npz
0.0667724609375,1.5103759765625,-130,0,batch_00637_protodune-orig-8-1-W.npz
0.04620361328125,1.213134765625,-111,0,batch_00743_protodune-orig-5-4-W.npz
0.25390625,5.34259033203125,-103,0,batch_00144_protodune-orig-8-0-W.npz
0.11480712890625,1.99853515625,-134,0,batch_00593_protodune-orig-2-2-W.npz
0.02935791015625,1.29473876953125,-180,0,batch_00908_protodune-orig-3-5-W.npz
0.39801025390625,1.72454833984375,-138,1,batch_00583_protodune-orig-5-3-W.npz
0.0135498046875,0.0135498046875,0,1,batch_00839_protodune-orig-3-5-W.npz
0.05767822265625,1.6512451171875,-86,0,batch_00176_protodune-orig-7-2-W.npz
0.107177734375,2.5318603515625,-119,0,batch_00586_protodune-orig-4-3-W.npz
0.1065673828125,0.1065673828125,0,1,batch_00972_protodune-orig-1-2-W.npz
0.4749755859375,0.4749755859375,0,1,batch_00592_protodune-orig-3-3-W.npz
0.08587646484375,1.29925537109375,-127,0,batch_00397_protodune-orig-8-3-W.npz
0.14056396484375,3.31280517578125,-169,0,batch_00072_protodune-orig-6-1-W.npz
0.1400146484375,2.20062255859375,-167,2,batch_00315_protodune-orig-3-1-W.npz
0.228759765625,1.79827880859375,-127,4,batch_00439_protodune-orig-4-3-W.npz
0.13287353515625,0.17974853515625,0,2,batch_00887_protodune-orig-8-2-W.npz
0.046875,0.132568359375,0,3,batch_00305_protodune-orig-1-4-W.npz
0.41046142578125,7.26141357421875,-108,0,batch_00187_protodune-orig-4-5-W.npz
0.02447509765625,0.32305908203125,-136,0,batch_00583_protodune-orig-1-2-W.npz
0.09844970703125,2.6546630859375,-227,14,batch_00184_protodune-orig-5-0-W.npz
0.3671875,0.3671875,0,1,batch_00112_protodune-orig-0-3-W.npz
1.0,1.0,1,1,batch_00916_protodune-orig-5-3-W.npz
0.24737548828125,1.332275390625,-109,1,batch_00623_protodune-orig-8-3-W.npz
0.625,0.625,0,1,batch_00083_protodune-orig-0-4-W.npz
0.0721435546875,1.59521484375,-126,0,batch_00148_protodune-orig-3-4-W.npz
0.2679443359375,0.2679443359375,0,1,batch_00503_protodune-orig-8-4-W.npz
0.32470703125,5.01177978515625,-103,0,batch_00717_protodune-orig-9-3-W.npz
0.4296875,0.4296875,0,1,batch_00019_protodune-orig-9-5-W.npz
0.05938720703125,1.2852783203125,-102,0,batch_00534_protodune-orig-2-2-W.npz
0.18194580078125,5.905029296875,-186,0,batch_00619_protodune-orig-5-0-W.npz
0.02984619140625,0.52392578125,-189,3,batch_00205_protodune-orig-1-0-W.npz
0.524169921875,10.5548095703125,-230,1,batch_00544_protodune-orig-6-4-W.npz
0.06927490234375,1.2760009765625,-104,0,batch_00014_protodune-orig-8-4-W.npz
0.01904296875,0.74951171875,-117,0,batch_00443_protodune-orig-1-4-W.npz
0.046875,0.1943359375,0,5,batch_00742_protodune-orig-8-2-W.npz
0.3203125,0.58251953125,0,3,batch_00171_protodune-orig-4-1-W.npz
0.05364990234375,0.05364990234375,0,1,batch_00894_protodune-orig-3-4-W.npz
0.18426513671875,1.99957275390625,-164,1,batch_00501_protodune-orig-9-4-W.npz
0.1339111328125,2.659423828125,-98,0,batch_00927_protodune-orig-6-1-W.npz
0.40777587890625,7.85968017578125,-126,0,batch_00688_protodune-orig-0-2-W.npz
0.164794921875,1.6400146484375,-180,2,batch_00686_protodune-orig-5-3-W.npz
0.1436767578125,3.29339599609375,-136,0,batch_00838_protodune-orig-5-4-W.npz
0.19879150390625,1.5802001953125,-181,6,batch_00854_protodune-orig-8-5-W.npz
0.3948974609375,1.8038330078125,-132,3,batch_00707_protodune-orig-6-5-W.npz
0.01513671875,0.01513671875,0,1,batch_00672_protodune-orig-8-3-W.npz
0.2462158203125,0.2462158203125,0,1,batch_00938_protodune-orig-5-2-W.npz
0.4478759765625,1.588134765625,-89,1,batch_00079_protodune-orig-4-4-W.npz
0.12725830078125,2.22967529296875,-200,2,batch_00441_protodune-orig-0-5-W.npz
0.453125,1.0428466796875,0,4,batch_00201_protodune-orig-3-3-W.npz
0.2723388671875,0.2723388671875,0,1,batch_00895_protodune-orig-5-4-W.npz
0.11810302734375,1.85882568359375,-93,0,batch_00017_protodune-orig-0-4-W.npz
0.21875,1.1033935546875,0,8,batch_00846_protodune-orig-6-5-W.npz
0.14666748046875,2.47406005859375,-102,0,batch_00755_protodune-orig-2-4-W.npz
0.08514404296875,2.80499267578125,-109,0,batch_00661_protodune-orig-2-5-W.npz
0.1494140625,2.9989013671875,-161,0,batch_00625_protodune-orig-0-5-W.npz
0.04010009765625,0.6129150390625,-140,0,batch_00894_protodune-orig-5-5-W.npz
0.9180908203125,4.267578125,-192,1,batch_00305_protodune-orig-6-1-W.npz
0.2401123046875,0.2401123046875,0,1,batch_00908_protodune-orig-8-0-W.npz
0.0390625,0.12945556640625,0,5,batch_00671_protodune-orig-7-0-W.npz
0.0546875,1.65716552734375,-143,17,batch_00888_protodune-orig-9-3-W.npz
0.060302734375,1.1396484375,-59,0,batch_00305_protodune-orig-7-1-W.npz
0.0601806640625,1.10089111328125,-178,1,batch_00400_protodune-orig-9-2-W.npz
0.11395263671875,2.17724609375,-107,0,batch_00443_protodune-orig-3-0-W.npz
0.04083251953125,1.30316162109375,-109,0,batch_00312_protodune-orig-1-0-W.npz
1.0,1.0,1,1,batch_00331_protodune-orig-1-1-W.npz
0.1070556640625,2.5126953125,-159,0,batch_00721_protodune-orig-9-3-W.npz
0.15057373046875,0.15057373046875,0,1,batch_00940_protodune-orig-9-5-W.npz
0.0740966796875,3.230712890625,-146,0,batch_00267_protodune-orig-3-5-W.npz
0.0517578125,1.5018310546875,-98,0,batch_00683_protodune-orig-0-1-W.npz
0.2109375,0.32257080078125,0,3,batch_00729_protodune-orig-6-5-W.npz
0.0877685546875,2.9481201171875,-245,1,batch_00295_protodune-orig-3-2-W.npz
0.04766845703125,0.7601318359375,-157,2,batch_00573_protodune-orig-9-5-W.npz
0.0902099609375,2.0511474609375,-153,0,batch_00869_protodune-orig-5-2-W.npz
0.44451904296875,16.5535888671875,-900,7,batch_00758_protodune-orig-0-2-W.npz
0.07354736328125,1.03125,-108,0,batch_00784_protodune-orig-6-1-W.npz
0.1241455078125,4.1375732421875,-197,1,batch_00280_protodune-orig-3-2-W.npz
0.10418701171875,2.19451904296875,-212,1,batch_00380_protodune-orig-2-0-W.npz
0.405029296875,0.48602294921875,0,2,batch_00863_protodune-orig-3-0-W.npz
0.36968994140625,2.22344970703125,-149,1,batch_00507_protodune-orig-0-3-W.npz
0.0584716796875,0.0584716796875,0,1,batch_00851_protodune-orig-6-2-W.npz
0.2445068359375,0.2939453125,0,4,batch_00927_protodune-orig-7-3-W.npz
0.17620849609375,0.17620849609375,0,1,batch_00471_protodune-orig-6-3-W.npz
0.140625,0.140625,0,1,batch_00597_protodune-orig-1-0-W.npz
0.0477294921875,1.66705322265625,-109,0,batch_00961_protodune-orig-1-5-W.npz
0.07989501953125,3.09710693359375,-114,0,batch_00184_protodune-orig-1-5-W.npz
0.43133544921875,1.71337890625,-111,3,batch_00081_protodune-orig-0-3-W.npz
0.01641845703125,0.56414794921875,-95,0,batch_00050_protodune-orig-2-1-W.npz
0.2958984375,2.3282470703125,-145,1,batch_00321_protodune-orig-0-5-W.npz
0.08892822265625,2.22589111328125,-220,1,batch_00318_protodune-orig-8-5-W.npz
0.10552978515625,1.8919677734375,-96,0,batch_00638_protodune-orig-1-1-W.npz
0.1484375,0.22882080078125,0,2,batch_00701_protodune-orig-9-1-W.npz
0.014892578125,0.26129150390625,-96,0,batch_00698_protodune-orig-7-2-W.npz
0.0078125,0.015625,0,2,batch_00592_protodune-orig-4-5-W.npz
0.3359375,0.3359375,0,1,batch_00608_protodune-orig-1-4-W.npz
0.0924072265625,1.81439208984375,-99,0,batch_00946_protodune-orig-8-0-W.npz
0.4420166015625,1.8717041015625,-117,1,batch_00844_protodune-orig-5-5-W.npz
0.33099365234375,3.0540771484375,-118,1,batch_00799_protodune-orig-2-5-W.npz
0.14990234375,1.53521728515625,-130,1,batch_00554_protodune-orig-8-3-W.npz
0.0606689453125,1.27410888671875,-96,0,batch_00845_protodune-orig-1-2-W.npz
0.4168701171875,7.83251953125,-123,0,batch_00821_protodune-orig-6-0-W.npz
0.3359375,0.73760986328125,0,4,batch_00729_protodune-orig-2-5-W.npz
0.393798828125,4.07427978515625,-189,1,batch_00929_protodune-orig-6-0-W.npz
0.03125,0.0625,0,3,batch_00421_protodune-orig-5-0-W.npz
0.0936279296875,0.0936279296875,0,1,batch_00914_protodune-orig-0-4-W.npz
0.02197265625,0.3077392578125,-195,2,batch_00206_protodune-orig-8-5-W.npz
0.06500244140625,1.34478759765625,-178,3,batch_00592_protodune-orig-3-2-W.npz
0.08929443359375,1.404296875,-143,1,batch_00352_protodune-orig-9-2-W.npz
0.22412109375,3.24285888671875,-176,7,batch_00414_protodune-orig-1-4-W.npz
0.2890625,1.3897705078125,0,5,batch_00753_protodune-orig-1-5-W.npz
0.0574951171875,2.08160400390625,-124,0,batch_00862_protodune-orig-7-5-W.npz
0.6953125,0.72406005859375,0,2,batch_00486_protodune-orig-0-2-W.npz
0.08111572265625,2.5009765625,-138,0,batch_00804_protodune-orig-6-3-W.npz
0.09283447265625,1.970703125,-126,0,batch_00450_protodune-orig-8-0-W.npz
0.0233154296875,0.32366943359375,-222,2,batch_00292_protodune-orig-8-1-W.npz
0.2174072265625,1.7989501953125,-191,2,batch_00852_protodune-orig-4-3-W.npz
0.08807373046875,2.47967529296875,-82,0,batch_00056_protodune-orig-2-2-W.npz
0.57843017578125,0.57843017578125,0,1,batch_00601_protodune-orig-1-1-W.npz
0.0625,2.87890625,-257,3,batch_00277_protodune-orig-0-2-W.npz
0.04339599609375,1.51568603515625,-108,0,batch_00591_protodune-orig-8-3-W.npz
0.2578125,0.2578125,0,1,batch_00576_protodune-orig-3-3-W.npz
0.7498779296875,0.80419921875,0,2,batch_00589_protodune-orig-7-4-W.npz
0.0892333984375,1.67431640625,-98,0,batch_00060_protodune-orig-1-4-W.npz
0.2890625,0.2890625,0,1,batch_00577_protodune-orig-7-3-W.npz
0.0078125,0.0078125,0,1,batch_00116_protodune-orig-0-0-W.npz
